69,87,0.5
475,1072,0.5294117647058824
475,1620,0.6
497,1530,0.5
640,1245,0.7692307692307693
640,1794,0.5714285714285714
640,1866,0.6153846153846154
640,2113,0.5
640,2150,0.5
640,2188,0.5
640,2606,0.5384615384615384
640,2876,0.5384615384615384
640,2953,0.5384615384615384
640,2955,0.5384615384615384
713,1072,0.6
713,2976,0.5384615384615384
752,2976,0.5833333333333334
780,871,0.6428571428571429
780,915,0.9166666666666666
780,1136,0.6923076923076923
780,1408,0.5
780,1418,0.6153846153846154
780,1508,0.75
780,1648,0.75
780,1918,0.5384615384615384
780,2005,0.5384615384615384
780,2332,0.6666666666666666
780,2414,0.5833333333333334
780,2694,0.5833333333333334
780,2696,0.5833333333333334
780,2801,0.5833333333333334
780,3000,0.5833333333333334
780,3063,0.5833333333333334
780,3102,0.5833333333333334
780,3128,0.5833333333333334
780,3268,0.5833333333333334
871,915,0.5714285714285714
871,1136,0.6153846153846154
871,1418,0.6666666666666666
871,1508,0.6666666666666666
871,1648,0.5384615384615384
871,1918,0.5833333333333334
871,2554,0.5
871,2739,0.5
871,2901,0.5
909,1136,0.5
909,1418,0.5384615384615384
915,1136,0.6153846153846154
915,1197,0.5
915,1206,0.5
915,1355,0.5
915,1418,0.5384615384615384
915,1508,0.6666666666666666
915,1648,0.6666666666666666
915,1918,0.5833333333333334
915,2097,0.5833333333333334
915,2332,0.7272727272727273
915,2374,0.5833333333333334
915,2414,0.6363636363636364
915,2453,0.5
915,2694,0.6363636363636364
915,2696,0.6363636363636364
915,2801,0.6363636363636364
915,2862,0.5
915,2876,0.5
915,2953,0.5
915,2955,0.5
915,2985,0.5
915,3000,0.6363636363636364
915,3063,0.6363636363636364
915,3102,0.6363636363636364
915,3128,0.6363636363636364
915,3268,0.6363636363636364
963,2677,0.5
1072,1270,0.5
1072,1620,0.6666666666666666
1072,2575,0.5
1072,2976,0.6363636363636364
1072,3280,0.5
1136,1418,0.9
1136,1508,0.5833333333333334
1136,1648,0.5833333333333334
1136,1723,0.5833333333333334
1136,1761,0.5833333333333334
1136,1913,0.6363636363636364
1136,1918,0.6363636363636364
1136,2005,0.6363636363636364
1136,2332,0.5
1136,2739,0.7
1136,2895,0.5454545454545454
1136,2901,0.7
1136,2997,0.7
1197,1206,0.5384615384615384
1197,2097,0.6363636363636364
1197,2113,0.5
1197,2332,0.6363636363636364
1197,2374,0.6363636363636364
1197,2414,0.5454545454545454
1197,2453,0.5454545454545454
1197,2694,0.7
1197,2696,0.7
1197,2801,0.7
1197,2862,0.5454545454545454
1197,2876,0.5454545454545454
1197,2953,0.5454545454545454
1197,2955,0.5454545454545454
1197,2985,0.5454545454545454
1197,3000,0.7
1197,3063,0.7
1197,3102,0.7
1197,3128,0.7
1197,3268,0.7
1206,2097,0.6363636363636364
1206,2113,0.5
1206,2332,0.6363636363636364
1206,2374,0.6363636363636364
1206,2414,0.5454545454545454
1206,2453,0.5454545454545454
1206,2694,0.7
1206,2696,0.7
1206,2801,0.7
1206,2862,0.5454545454545454
1206,2876,0.5454545454545454
1206,2953,0.5454545454545454
1206,2955,0.5454545454545454
1206,2985,0.5454545454545454
1206,3000,0.7
1206,3063,0.7
1206,3102,0.7
1206,3128,0.7
1206,3268,0.7
1234,3055,0.5454545454545454
1245,1794,0.5833333333333334
1245,1866,0.6363636363636364
1245,2150,0.6363636363636364
1245,2606,0.5454545454545454
1270,1620,0.5833333333333334
1270,2479,0.5454545454545454
1355,2097,0.5
1355,2332,0.5
1355,2374,0.5
1355,2694,0.5454545454545454
1355,2696,0.5454545454545454
1355,2801,0.5454545454545454
1355,3000,0.5454545454545454
1355,3063,0.5454545454545454
1355,3102,0.5454545454545454
1355,3128,0.5454545454545454
1355,3268,0.5454545454545454
1408,1508,0.5
1414,2045,0.5454545454545454
1418,1508,0.6363636363636364
1418,1648,0.6363636363636364
1418,1723,0.6363636363636364
1418,1761,0.6363636363636364
1418,1918,0.5454545454545454
1418,2005,0.5454545454545454
1418,2739,0.7777777777777778
1418,2901,0.7777777777777778
1418,2997,0.6
1438,1877,0.5454545454545454
1438,2119,0.5454545454545454
1498,1508,0.5
1498,1648,0.6363636363636364
1498,1761,0.5
1498,1877,0.5454545454545454
1498,2119,0.5454545454545454
1498,2901,0.6
1508,1648,0.8
1508,1918,0.5454545454545454
1565,1620,0.6363636363636364
1565,1761,0.5
1565,1944,0.5454545454545454
1565,2426,0.6
1565,2575,0.6
1565,3280,0.6
1620,1761,0.6363636363636364
1620,2231,0.5454545454545454
1620,2575,0.7777777777777778
1620,2976,0.6
1620,3280,0.7777777777777778
1648,1918,0.5454545454545454
1648,2005,0.5454545454545454
1648,2119,0.5454545454545454
1648,2901,0.6
1723,1761,0.6363636363636364
1723,1861,0.5454545454545454
1723,2005,0.5454545454545454
1723,2901,0.7777777777777778
1723,2997,0.6
1761,1861,0.7
1761,2005,0.5454545454545454
1761,2575,0.6
1761,2901,0.7777777777777778
1761,2997,0.6
1761,3280,0.6
1794,2150,0.7
1861,2005,0.6
1861,2575,0.5
1861,2739,0.5
1861,2901,0.6666666666666666
1861,2997,0.5
1861,3280,0.5
1866,2441,0.5
1866,2606,0.6666666666666666
1877,2426,0.5
1877,2976,0.5
1877,3178,0.5
1913,1918,0.6
1913,2895,0.5
1918,2005,0.6
1918,2901,0.5
1918,2997,0.5
1944,2417,0.5
1944,2554,0.5
1944,2575,0.5
1944,2901,0.5
1944,3280,0.5
1954,2575,0.5
1954,2901,0.5
1954,3078,0.5
1954,3280,0.5
1992,3260,0.5
1995,2862,0.5
1995,2876,0.5
1995,2953,0.5
1995,2955,0.5
1995,2985,0.5
2005,2739,0.5
2005,2895,0.5
2005,2901,0.6666666666666666
2005,2997,0.6666666666666666
2014,2901,0.5
2097,2113,0.6
2097,2332,0.7777777777777778
2097,2374,0.7777777777777778
2097,2414,0.6666666666666666
2097,2453,0.6666666666666666
2097,2694,0.875
2097,2696,0.875
2097,2801,0.875
2097,2862,0.6666666666666666
2097,2876,0.6666666666666666
2097,2953,0.6666666666666666
2097,2955,0.6666666666666666
2097,2985,0.6666666666666666
2097,3000,0.875
2097,3063,0.875
2097,3102,0.875
2097,3128,0.875
2097,3268,0.875
2113,2332,0.6
2113,2374,0.6
2113,2414,0.5
2113,2453,0.5
2113,2694,0.6666666666666666
2113,2696,0.6666666666666666
2113,2801,0.6666666666666666
2113,2862,0.6666666666666666
2113,2876,0.6666666666666666
2113,2953,0.6666666666666666
2113,2955,0.6666666666666666
2113,2985,0.6666666666666666
2113,3000,0.6666666666666666
2113,3063,0.6666666666666666
2113,3102,0.6666666666666666
2113,3128,0.6666666666666666
2113,3268,0.6666666666666666
2150,2628,0.5
2166,2426,0.5
2166,2976,0.5
2166,3178,0.5
2188,2441,0.5
2188,3086,0.5
2231,2575,0.5
2231,3280,0.5
2290,2414,0.5
2332,2374,0.7777777777777778
2332,2414,0.6666666666666666
2332,2453,0.6666666666666666
2332,2694,0.875
2332,2696,0.875
2332,2801,0.875
2332,2862,0.6666666666666666
2332,2876,0.6666666666666666
2332,2953,0.6666666666666666
2332,2955,0.6666666666666666
2332,2985,0.6666666666666666
2332,3000,0.875
2332,3063,0.875
2332,3086,0.5
2332,3102,0.875
2332,3128,0.875
2332,3268,0.875
2374,2414,0.6666666666666666
2374,2453,0.6666666666666666
2374,2694,0.875
2374,2696,0.875
2374,2801,0.875
2374,2862,0.6666666666666666
2374,2876,0.6666666666666666
2374,2953,0.6666666666666666
2374,2955,0.6666666666666666
2374,2985,0.6666666666666666
2374,3000,0.875
2374,3063,0.875
2374,3102,0.875
2374,3128,0.875
2374,3268,0.875
2414,2453,0.5555555555555556
2414,2694,0.75
2414,2696,0.75
2414,2801,0.75
2414,2862,0.5555555555555556
2414,2876,0.5555555555555556
2414,2953,0.5555555555555556
2414,2955,0.5555555555555556
2414,2985,0.5555555555555556
2414,3000,0.75
2414,3063,0.75
2414,3086,0.5555555555555556
2414,3102,0.75
2414,3128,0.75
2414,3268,0.75
2426,2853,0.5555555555555556
2426,2976,0.5555555555555556
2426,3011,0.5555555555555556
2426,3178,0.75
2453,2694,0.75
2453,2696,0.75
2453,2801,0.75
2453,2862,0.5555555555555556
2453,2876,0.5555555555555556
2453,2953,0.5555555555555556
2453,2955,0.5555555555555556
2453,2985,0.5555555555555556
2453,3000,0.75
2453,3063,0.75
2453,3102,0.75
2453,3128,0.75
2453,3268,0.75
2517,2744,1.0
2554,2901,0.5555555555555556
2575,2901,0.5555555555555556
2575,2976,0.75
2575,3078,0.5555555555555556
2575,3280,1.0
2677,2724,0.5555555555555556
2694,2696,1.0
2694,2801,1.0
2694,2862,0.75
2694,2876,0.75
2694,2953,0.75
2694,2955,0.75
2694,2985,0.75
2694,3000,1.0
2694,3063,1.0
2694,3086,0.5555555555555556
2694,3102,1.0
2694,3128,1.0
2694,3268,1.0
2696,2801,1.0
2696,2862,0.75
2696,2876,0.75
2696,2953,0.75
2696,2955,0.75
2696,2985,0.75
2696,3000,1.0
2696,3063,1.0
2696,3086,0.5555555555555556
2696,3102,1.0
2696,3128,1.0
2696,3268,1.0
2724,2840,0.5555555555555556
2739,2895,0.5555555555555556
2739,2901,0.5555555555555556
2739,3066,0.5555555555555556
2801,2862,0.75
2801,2876,0.75
2801,2953,0.75
2801,2955,0.75
2801,2985,0.75
2801,3000,1.0
2801,3063,1.0
2801,3086,0.5555555555555556
2801,3102,1.0
2801,3128,1.0
2801,3268,1.0
2853,3011,0.5555555555555556
2862,2876,0.75
2862,2953,0.75
2862,2955,0.75
2862,2985,1.0
2862,3000,0.75
2862,3063,0.75
2862,3102,0.75
2862,3128,0.75
2862,3268,0.75
2876,2953,1.0
2876,2955,1.0
2876,2985,0.75
2876,3000,0.75
2876,3063,0.75
2876,3102,0.75
2876,3128,0.75
2876,3268,0.75
2901,2997,0.75
2901,3078,0.5555555555555556
2901,3280,0.5555555555555556
2953,2955,1.0
2953,2985,0.75
2953,3000,0.75
2953,3063,0.75
2953,3102,0.75
2953,3128,0.75
2953,3268,0.75
2955,2985,0.75
2955,3000,0.75
2955,3063,0.75
2955,3102,0.75
2955,3128,0.75
2955,3268,0.75
2976,3178,0.5555555555555556
2976,3280,0.75
2985,3000,0.75
2985,3063,0.75
2985,3102,0.75
2985,3128,0.75
2985,3268,0.75
3000,3063,1.0
3000,3086,0.5555555555555556
3000,3102,1.0
3000,3128,1.0
3000,3268,1.0
3063,3086,0.5555555555555556
3063,3102,1.0
3063,3128,1.0
3063,3268,1.0
3078,3280,0.5555555555555556
3086,3102,0.5555555555555556
3086,3128,0.5555555555555556
3086,3268,0.5555555555555556
3102,3128,1.0
3102,3268,1.0
3128,3268,1.0
