0,42,4.0
0,47,4.0
0,70,4.0
0,86,4.0
0,97,4.0
0,116,4.0
0,133,4.0
0,207,4.0
0,208,4.0
0,209,4.0
0,231,4.0
0,295,4.0
0,339,4.0
0,372,4.0
0,482,4.0
0,553,4.0
0,573,4.0
0,605,4.0
0,698,4.0
0,730,4.0
0,739,4.0
0,769,4.0
0,843,4.0
0,892,4.0
0,893,4.0
0,943,4.0
0,958,4.0
0,1006,4.0
0,1021,4.0
0,1062,4.0
0,1073,4.0
0,1159,4.0
0,1252,4.0
0,1539,4.0
0,1560,4.0
0,1659,4.0
0,2415,4.0
0,2477,4.0
0,2562,4.0
0,2776,4.0
0,2830,4.0
0,2934,4.0
0,3070,4.0
0,3317,4.0
0,3394,4.0
0,3429,4.0
0,3470,4.0
0,3606,4.0
0,3697,4.0
0,3706,4.0
1,56,4.0
1,108,4.0
1,143,4.0
1,159,4.0
1,209,4.0
1,283,4.0
1,339,4.0
1,391,4.0
1,406,4.0
1,463,4.0
1,623,4.0
1,715,4.0
1,1013,4.0
1,1076,4.0
1,1089,4.0
1,1108,4.0
1,1109,4.0
1,1159,4.0
1,1279,4.0
1,1335,4.0
1,1487,4.0
1,1523,4.0
1,1532,4.0
1,1573,4.0
1,1586,4.0
1,1666,4.0
1,1734,4.0
1,1831,4.0
1,1835,4.0
1,1895,4.0
1,1909,4.0
1,1929,4.0
1,2124,4.0
1,2272,4.0
1,2398,4.0
1,2446,4.0
1,2803,4.0
1,2820,4.0
1,3227,4.0
1,3266,4.0
1,3680,4.0
2,264,4.0
2,394,4.0
2,420,4.0
2,464,4.0
2,502,4.0
2,532,4.0
2,628,4.0
2,674,4.0
2,936,4.0
2,1069,4.0
2,1071,4.0
2,1296,4.0
2,1343,4.0
2,1416,4.0
2,1636,4.0
2,1719,4.0
2,1773,4.0
2,1872,4.0
2,1913,4.0
2,2125,4.0
2,2300,4.0
2,2403,4.0
2,2703,4.0
2,2860,4.0
2,2942,4.0
2,3066,4.0
2,3210,4.0
2,3226,4.0
2,3257,4.0
2,3324,4.0
2,3373,4.0
2,3398,4.0
2,3400,4.0
2,3440,4.0
2,3450,4.0
2,3458,4.0
2,3563,4.0
2,3711,4.0
3,8,4.0
3,19,4.0
3,20,4.0
3,23,4.0
3,42,4.0
3,44,4.0
3,64,4.0
3,92,4.0
3,105,4.0
3,107,4.0
3,120,4.0
3,141,4.0
3,167,4.0
3,173,4.0
3,303,4.0
3,409,4.0
3,454,4.0
3,490,4.0
3,497,4.0
3,509,4.0
3,523,4.0
3,526,4.0
3,540,4.0
3,654,4.0
3,872,4.0
3,974,4.0
3,1551,4.0
3,2785,4.0
3,3286,4.0
3,3385,4.0
3,3392,4.0
3,3512,4.0
3,3707,4.0
4,17,4.0
4,21,4.0
4,71,4.0
4,78,4.0
4,85,4.0
4,130,4.0
4,154,4.0
4,168,4.0
4,174,4.0
4,219,4.0
4,384,4.0
4,401,4.0
4,543,4.0
4,547,4.0
4,583,4.0
4,978,4.0
4,1127,4.0
4,1511,4.0
4,1615,4.0
4,1914,4.0
4,2051,4.0
4,2340,4.0
4,2565,4.0
4,2804,4.0
4,3175,4.0
4,3592,4.0
5,16,4.0
5,42,4.0
5,54,4.0
5,110,4.0
5,222,4.0
5,257,4.0
5,266,4.0
5,348,4.0
5,600,4.0
5,613,4.0
5,718,4.0
5,723,4.0
5,945,4.0
5,1043,4.0
5,1244,4.0
5,1493,4.0
5,1747,4.0
5,2089,4.0
5,2199,4.0
5,2414,4.0
5,2575,4.0
5,2639,4.0
5,2844,4.0
5,3224,4.0
6,86,4.0
6,97,4.0
6,242,4.0
6,448,4.0
6,530,4.0
6,691,4.0
6,884,4.0
6,961,4.0
6,1400,4.0
6,1471,4.0
6,1667,4.0
6,2059,4.0
6,2071,4.0
6,2095,4.0
6,2296,4.0
6,2341,4.0
6,2381,0.0
6,2431,4.0
6,2787,4.0
6,2866,4.0
6,2969,4.0
6,3108,4.0
6,3110,4.0
6,3661,0.5
7,867,4.0
7,1096,4.0
7,1132,4.0
7,1206,4.0
7,1284,4.0
7,1758,4.0
7,1783,4.0
7,1788,4.0
7,1907,4.0
7,2103,4.0
7,2129,4.0
7,2137,4.0
7,2348,4.0
7,2581,4.0
7,2670,4.0
7,2676,4.0
7,2722,4.0
7,3146,4.0
7,3321,4.0
7,3377,4.0
7,3383,4.0
7,3669,4.0
7,3676,4.0
8,97,4.0
8,123,4.0
8,187,4.0
8,209,4.0
8,310,4.0
8,360,4.0
8,442,4.0
8,459,4.0
8,474,4.0
8,504,4.0
8,584,4.0
8,615,4.0
8,775,4.0
8,819,4.0
8,917,4.0
8,949,4.0
8,1006,4.0
8,1362,4.0
8,1392,4.0
8,2663,4.0
9,178,4.0
9,272,4.0
9,762,4.0
9,890,4.0
9,939,4.0
9,971,4.0
9,1007,4.0
9,1179,4.0
9,1382,4.0
9,1660,4.0
9,1842,4.0
9,1932,4.0
9,1950,4.0
9,2224,4.0
9,2262,4.0
9,2417,4.0
9,2713,4.0
9,2737,4.0
9,3473,4.0
10,216,4.0
10,268,4.0
10,1216,4.0
10,1241,4.0
10,1401,4.0
10,1499,4.0
10,2056,4.0
10,2210,4.0
10,2464,4.0
10,2576,4.0
10,2795,4.0
10,3061,4.0
10,3076,4.0
10,3130,4.0
10,3303,4.0
10,3331,4.0
10,3368,4.0
10,3411,4.0
10,3712,4.0
11,2,4.0
11,642,4.0
11,1043,4.0
11,1143,4.0
11,1160,4.0
11,1386,4.0
11,1427,4.0
11,1844,4.0
11,2282,4.0
11,2486,4.0
11,2524,4.0
11,2728,4.0
11,2886,4.0
11,2957,4.0
11,3219,4.0
11,3249,4.0
11,3269,4.0
11,3672,4.0
11,3675,4.0
12,652,4.0
12,915,4.0
12,1076,4.0
12,1168,4.0
12,1347,4.0
12,1430,4.0
12,1562,4.0
12,1654,4.0
12,1756,4.0
12,1879,4.0
12,1991,4.0
12,2106,4.0
12,2128,4.0
12,2336,4.0
12,2421,4.0
12,2667,4.0
12,2829,4.0
12,2967,4.0
13,20,4.0
13,56,4.0
13,226,4.0
13,346,4.0
13,354,4.0
13,400,4.0
13,826,4.0
13,974,4.0
13,1102,4.0
13,1946,4.0
13,2579,4.0
13,2947,4.0
13,3674,4.0
13,3699,4.0
14,27,4.0
14,47,4.0
14,82,4.0
14,85,4.0
14,86,4.0
14,97,4.0
14,166,4.0
14,315,4.0
14,319,4.0
14,536,4.0
14,909,4.0
14,1226,4.0
14,2052,4.0
14,2825,4.0
15,69,4.0
15,440,4.0
15,506,4.0
15,568,4.0
15,674,4.0
15,759,4.0
15,932,4.0
15,1180,4.0
15,1689,4.0
15,1828,4.0
15,2277,4.0
15,2905,4.0
15,3605,4.0
16,846,4.0
16,891,4.0
16,962,4.0
16,1595,4.0
16,1626,4.0
16,1884,4.0
16,2107,4.0
16,2196,4.0
16,2216,4.0
16,2640,4.0
16,2725,4.0
16,2941,4.0
16,3379,4.0
17,934,4.0
17,1000,4.0
17,1069,4.0
17,1622,4.0
17,1634,4.0
17,2115,4.0
17,2172,4.0
17,2419,4.0
17,2475,4.0
17,3220,4.0
17,3349,4.0
17,3610,4.0
17,3719,4.0
18,112,4.0
18,113,4.0
18,138,4.0
18,235,4.0
18,379,4.0
18,478,4.0
18,889,4.0
18,1036,4.0
18,1155,4.0
18,1274,4.0
18,2367,4.0
18,3626,4.0
19,8,4.0
19,46,4.0
19,56,4.0
19,208,4.0
19,310,4.0
19,363,4.0
19,427,4.0
19,433,4.0
19,497,4.0
19,983,4.0
19,1010,4.0
19,3169,4.0
20,201,4.0
20,230,4.0
20,238,4.0
20,242,4.0
20,277,4.0
20,281,4.0
20,352,4.0
20,356,4.0
20,573,4.0
20,949,4.0
20,984,4.0
20,2171,4.0
21,661,4.0
21,760,4.0
21,859,4.0
21,1100,4.0
21,1148,4.0
21,1481,4.0
21,1832,4.0
21,2014,4.0
21,2220,4.0
21,2712,4.0
21,3381,4.0
21,3399,4.0
22,11,4.0
22,137,4.0
22,146,4.0
22,244,4.0
22,262,4.0
22,399,4.0
22,425,4.0
22,554,4.0
22,810,4.0
22,917,4.0
22,2991,4.0
22,3584,4.0
23,19,4.0
23,88,4.0
23,180,4.0
23,259,4.0
23,266,4.0
23,528,4.0
23,558,4.0
23,613,4.0
23,2045,4.0
23,2167,4.0
23,2859,4.0
23,3161,4.0
24,813,4.0
24,1496,4.0
24,1675,4.0
24,1787,4.0
24,1864,4.0
24,2175,4.0
24,2528,4.0
24,2733,4.0
24,2968,4.0
24,3256,4.0
24,3328,4.0
24,3647,4.0
25,40,4.0
25,61,4.0
25,78,4.0
25,90,4.0
25,150,4.0
25,207,4.0
25,274,4.0
25,301,4.0
25,414,4.0
25,1062,4.0
25,1170,4.0
25,3052,4.0
26,34,4.0
26,193,4.0
26,199,4.0
26,214,4.0
26,406,4.0
26,647,4.0
26,822,4.0
26,866,4.0
26,1163,4.0
26,1251,4.0
26,1514,4.0
26,2117,4.0
27,474,4.0
27,530,4.0
27,780,4.0
27,805,4.0
27,1161,4.0
27,1790,4.0
27,2299,4.0
27,2328,4.0
27,2818,4.0
27,2960,4.0
27,3284,4.0
28,110,4.0
28,271,4.0
28,272,4.0
28,773,4.0
28,1286,4.0
28,1442,4.0
28,2490,4.0
28,2591,4.0
28,3502,4.0
28,3531,4.0
28,3694,4.0
29,463,4.0
29,1220,4.0
29,1374,4.0
29,2335,4.0
29,2399,4.0
29,2473,4.0
29,3118,4.0
29,3375,4.0
29,3503,4.0
29,3673,4.0
29,3687,4.0
30,30,4.0
30,61,4.0
30,74,4.0
30,117,4.0
30,153,4.0
30,171,4.0
30,178,4.0
30,242,4.0
30,560,4.0
30,2019,4.0
30,3129,4.0
31,492,4.0
31,747,4.0
31,1710,4.0
31,2134,4.0
31,2183,4.0
31,2347,4.0
31,2680,4.0
31,2948,4.0
31,3262,4.0
31,3483,4.0
31,3553,4.0
32,45,4.0
32,108,4.0
32,186,4.0
32,217,4.0
32,232,4.0
32,267,4.0
32,405,4.0
32,601,4.0
32,1177,4.0
32,2133,4.0
32,3479,4.0
33,143,4.0
33,234,4.0
33,328,4.0
33,447,3.30420700176441
33,852,4.0
33,940,4.0
33,1096,4.0
33,1521,4.0
33,1781,4.0
33,2573,4.0
33,2758,4.0
34,642,4.0
34,881,4.0
34,1282,4.0
34,2114,4.0
34,2160,4.0
34,2285,4.0
34,2424,4.0
34,2907,4.0
34,3367,4.0
34,3457,4.0
34,3501,4.0
35,70,4.0
35,133,4.0
35,187,4.0
35,238,4.0
35,327,4.0
35,365,4.0
35,459,4.0
35,696,4.0
35,1057,4.0
35,1150,4.0
35,3121,4.0
36,5,4.0
36,29,4.0
36,57,4.0
36,212,4.0
36,298,4.0
36,321,4.0
36,396,4.0
36,500,4.0
36,603,4.0
36,616,4.0
37,657,4.0
37,711,4.0
37,1263,4.0
37,1292,4.0
37,1558,4.0
37,2384,4.0
37,3203,4.0
37,3455,4.0
37,3456,4.0
37,3622,4.0
38,10,4.0
38,39,4.0
38,45,4.0
38,462,4.0
38,1260,4.0
38,1577,4.0
38,1851,4.0
38,2580,4.0
38,2869,4.0
38,3577,4.0
39,61,4.0
39,71,4.0
39,78,4.0
39,110,4.0
39,201,4.0
39,346,4.0
39,360,4.0
39,615,4.0
39,814,4.0
39,1419,4.0
40,552,4.0
40,848,4.0
40,856,4.0
40,1247,4.0
40,1580,4.0
40,1845,4.0
40,2201,4.0
40,2203,4.0
40,2449,4.0
40,3423,4.0
41,36,4.0
41,40,4.0
41,64,4.0
41,198,4.0
41,294,4.0
41,300,4.0
41,311,4.0
41,435,4.0
41,579,4.0
41,3572,4.0
42,96,4.0
42,172,4.0
42,534,4.0
42,922,4.0
42,935,4.0
42,1980,4.0
42,2126,4.0
42,2317,4.0
42,2873,4.0
42,3316,4.0
43,240,4.0
43,491,4.0
43,521,4.0
43,739,4.0
43,968,4.0
43,1055,4.0
43,1154,4.0
43,1407,4.0
43,2237,4.0
43,2593,4.0
44,332,4.0
44,1125,4.0
44,1587,4.0
44,1743,4.0
44,1896,4.0
44,2343,4.0
44,2561,4.0
44,3238,4.0
44,3374,4.0
45,522,4.0
45,737,4.0
45,790,4.0
45,986,4.0
45,1520,4.0
45,1542,4.0
45,2326,4.0
45,2622,4.0
45,3060,4.0
46,5,4.0
46,9,4.0
46,31,4.0
46,54,4.0
46,60,4.0
46,190,4.0
46,549,4.0
46,646,4.0
46,1027,4.0
47,8,4.0
47,17,4.0
47,259,4.0
47,774,4.0
47,976,4.0
47,1757,4.0
47,2281,4.0
47,2520,4.0
47,2773,4.0
48,0,4.0
48,17,4.0
48,46,4.0
48,289,4.0
48,1276,4.0
48,1509,4.0
48,2211,4.0
48,2675,4.0
48,3081,4.0
49,257,4.0
49,368,4.0
49,1167,4.0
49,1530,4.0
49,2657,4.0
49,2706,4.0
49,3012,4.0
49,3432,4.0
49,3509,4.0
50,21,4.0
50,31,4.0
50,90,4.0
50,313,4.0
50,685,4.0
50,1115,4.0
50,1173,4.0
50,1610,4.0
50,3668,4.0
51,70,4.0
51,113,4.0
51,143,4.0
51,150,4.0
51,328,4.0
51,1488,4.0
51,1637,4.0
51,3406,4.0
51,3649,4.0
52,464,4.0
52,541,4.0
52,905,4.0
52,1037,4.0
52,1272,4.0
52,2207,4.0
52,2959,4.0
52,3397,4.0
52,3436,4.0
53,6,4.0
53,220,4.0
53,629,4.0
53,649,4.0
53,667,4.0
53,735,4.0
53,3028,4.0
53,3136,4.0
53,3437,4.0
54,259,4.0
54,368,4.0
54,680,4.0
54,761,4.0
54,1298,4.0
54,1939,4.0
54,2112,4.0
54,2416,4.0
55,1,4.0
55,9,4.5
55,16,4.0
55,17,4.0
55,21,4.0
55,39,4.0
55,109,4.0
55,168,4.0
56,317,4.0
56,522,4.0
56,782,4.0
56,1059,4.0
56,1631,4.0
56,2753,4.0
56,3085,4.0
56,3667,4.0
57,3,4.0
57,36,4.0
57,130,4.0
57,169,4.0
57,188,4.0
57,205,4.0
57,1130,4.0
57,2973,4.0
58,2,4.0
58,11,4.0
58,24,4.0
58,40,4.0
58,623,4.0
58,1480,4.0
58,1697,4.0
58,3690,4.0
59,66,4.0
59,355,4.0
59,356,4.0
59,379,4.0
59,1571,4.0
59,1873,4.0
59,2816,4.0
59,3078,4.0
60,502,4.0
60,1287,4.0
60,1452,4.0
60,1502,4.0
60,1748,4.0
60,2028,4.0
60,3063,4.0
60,3366,4.0
61,161,4.0
61,269,4.0
61,306,4.0
61,552,4.0
61,597,4.0
61,720,4.0
61,1239,4.0
61,3616,4.0
62,16,4.0
62,1711,4.0
62,1953,4.0
62,2135,4.0
62,2208,4.0
62,2937,4.0
62,2992,4.0
62,3671,4.0
63,29,4.0
63,53,4.0
63,103,4.0
63,1588,4.0
63,1799,4.0
63,1881,4.0
63,2965,4.0
63,3305,4.0
64,47,4.0
64,752,4.0
64,909,4.0
64,1067,4.0
64,1138,4.0
64,2228,4.0
64,2759,4.0
64,3119,4.0
65,52,4.0
65,162,4.0
65,633,4.0
65,663,4.0
65,1974,4.0
65,2519,4.0
65,3043,4.0
65,3710,4.0
66,154,4.0
66,853,4.0
66,2007,4.0
66,2651,4.0
66,2702,4.0
66,2771,4.5
66,3033,4.0
66,3180,4.0
67,702,4.0
67,814,4.0
67,1431,4.0
67,1517,4.0
67,2502,4.0
67,2677,4.0
67,2932,4.0
67,3442,4.0
68,2339,4.0
68,2613,4.0
68,2730,4.0
68,3164,4.0
68,3208,4.0
68,3216,4.0
68,3480,4.0
68,3619,4.0
69,10,4.0
69,99,4.0
69,108,4.0
69,429,4.0
69,500,4.0
69,632,4.0
69,1146,4.0
69,2828,4.0
70,160,4.0
70,389,4.0
70,875,4.0
70,897,4.0
70,1163,4.0
70,1625,4.0
70,3306,4.0
71,6,4.0
71,481,4.0
71,521,4.0
71,691,4.0
71,1555,4.0
71,2924,4.0
71,3133,4.0
72,4,4.0
72,28,4.0
72,38,4.0
72,67,4.0
72,82,4.0
72,155,4.0
72,821,4.0
73,517,4.0
73,963,4.0
73,1805,4.0
73,2314,4.0
73,3114,4.0
73,3155,4.0
73,3646,4.0
74,3,4.0
74,67,4.0
74,232,4.0
74,1342,4.0
74,1767,4.0
74,3003,4.0
74,3297,4.0
75,293,4.0
75,1231,4.0
75,1505,4.0
75,1841,4.0
75,1981,4.0
75,3387,4.0
75,3486,4.0
76,2,4.0
76,241,4.0
76,359,4.0
76,535,4.0
76,636,4.0
76,2169,4.0
76,2840,4.0
77,102,4.0
77,147,4.0
77,200,4.0
77,210,4.0
77,286,4.0
77,2064,4.0
77,2641,4.0
78,158,4.0
78,342,4.0
78,1140,4.0
78,1333,4.0
78,2230,4.0
78,2375,4.0
78,3576,4.0
79,313,4.0
79,391,4.0
79,489,4.0
79,858,4.0
79,1364,4.0
79,1423,4.0
79,2557,4.0
80,576,4.0
80,582,4.0
80,884,4.0
80,1300,4.0
80,1583,4.0
80,3029,4.0
80,3544,4.0
81,1289,4.0
81,1436,4.0
81,1446,4.0
81,1839,4.0
81,2037,4.0
81,2080,4.0
81,3612,4.0
82,443,4.0
82,840,4.0
82,1572,4.0
82,2678,4.0
82,2724,4.0
82,3309,4.0
82,3414,4.0
83,582,4.0
83,688,4.0
83,1066,4.0
83,1663,4.0
83,2718,4.0
83,2898,4.0
83,2933,4.0
84,192,4.0
84,805,4.0
84,853,4.0
84,1091,4.0
84,2604,4.0
84,2740,4.0
84,3701,4.0
85,1035,4.0
85,1515,4.0
85,1860,4.0
85,2971,4.0
85,3026,4.0
85,3323,4.0
85,3550,4.0
86,0,4.0
86,775,4.0
86,1081,4.0
86,1232,4.0
86,2708,4.0
86,2935,4.0
86,3454,4.0
87,20,4.0
87,33,4.0
87,64,4.0
87,438,4.0
87,494,4.0
87,681,4.0
87,1106,4.0
88,162,4.0
88,311,4.0
88,423,4.0
88,1848,4.0
88,2205,4.0
88,2700,4.0
88,3530,4.0
89,112,4.0
89,136,4.0
89,397,4.0
89,851,4.0
89,1525,4.0
89,2354,4.0
89,3016,4.0
90,146,4.0
90,377,4.0
90,665,4.0
90,1211,4.0
90,1317,4.0
90,1491,4.0
90,3430,4.0
91,747,4.0
91,843,4.0
91,879,4.0
91,1461,4.0
91,2355,4.0
91,3074,4.0
91,3358,4.0
92,1020,4.0
92,1994,4.0
92,2177,4.0
92,2518,4.0
92,2578,4.0
92,2823,4.0
92,3587,4.0
93,5,4.0
93,70,4.0
93,1925,4.0
93,2148,4.0
93,2704,4.0
93,2872,4.0
93,3507,4.0
94,910,4.0
94,1733,4.0
94,2225,4.0
94,2243,4.0
94,2455,4.0
94,3354,4.0
94,3580,4.0
95,4,4.0
95,13,4.0
95,54,4.0
95,71,4.0
95,271,4.0
95,3261,4.0
95,3280,4.0
96,0,4.0
96,20,4.0
96,60,4.0
96,191,4.0
96,221,4.0
96,624,4.0
96,988,4.0
97,1,4.0
97,41,4.0
97,429,4.0
97,510,4.0
97,666,4.0
97,1115,4.0
97,1883,4.0
98,4,4.0
98,5,4.0
98,32,4.0
98,323,4.0
98,539,4.0
98,549,4.0
98,1024,4.0
99,2,4.0
99,30,4.0
99,153,4.0
99,199,4.0
99,223,4.0
99,1350,4.0
99,3464,4.0
100,122,4.0
100,301,4.0
100,490,4.0
100,744,4.0
100,987,4.0
100,1100,4.0
100,2448,4.0
101,518,4.0
101,914,4.0
101,1410,4.0
101,1836,4.0
101,2279,4.0
101,3240,4.0
101,3689,4.0
102,9,4.0
102,22,4.0
102,37,4.0
102,80,4.0
102,149,4.0
102,465,4.0
102,720,4.0
103,1048,4.0
103,1984,4.0
103,2695,4.0
103,2793,4.0
103,3116,4.0
103,3189,4.0
103,3410,4.0
104,1109,4.0
104,2000,4.0
104,2895,4.0
104,2909,4.0
104,3105,4.0
104,3134,4.0
104,3206,4.0
105,13,4.0
105,69,4.0
105,416,4.0
105,541,4.0
105,880,4.0
105,1228,4.0
105,3126,4.0
106,847,4.0
106,1337,4.0
106,2664,4.0
106,3025,4.0
106,3407,4.0
106,3446,4.0
106,3488,4.0
107,9,4.0
107,194,4.0
107,202,4.0
107,254,4.0
107,255,4.0
107,921,4.0
107,1266,4.0
108,12,4.0
108,37,4.0
108,137,4.0
108,153,4.0
108,214,4.0
108,649,4.0
108,2757,4.0
109,1166,4.0
109,1314,4.0
109,1397,4.0
109,2465,4.0
109,2721,4.0
109,3312,4.0
110,1,4.0
110,5,4.0
110,591,4.0
110,670,4.0
110,1054,4.0
110,1838,4.0
111,73,4.0
111,538,4.0
111,1383,4.0
111,2143,4.0
111,2587,4.0
111,3054,4.0
112,45,4.0
112,50,4.0
112,102,4.0
112,325,4.0
112,357,4.0
112,446,4.0
113,146,4.0
113,338,4.0
113,387,4.0
113,536,4.0
113,560,4.0
113,1358,4.0
114,92,4.0
114,127,4.0
114,157,4.0
114,205,4.0
114,324,4.0
114,335,4.0
115,42,4.0
115,86,4.0
115,214,4.0
115,1537,4.0
115,1768,4.0
115,2590,4.0
116,8,4.0
116,52,4.0
116,53,4.0
116,79,4.0
116,166,4.0
116,167,4.0
117,175,4.0
117,341,4.0
117,425,4.0
117,1899,4.0
117,2168,4.0
117,3588,4.0
118,1,4.0
118,170,4.0
118,1064,4.0
118,2783,4.0
118,3132,4.0
118,3212,4.0
119,33,4.0
119,34,4.0
119,63,4.0
119,79,4.0
119,176,4.0
119,2807,4.0
120,1483,4.0
120,2302,4.0
120,2447,4.0
120,2538,4.0
120,3145,4.0
120,3684,4.0
121,28,4.0
121,66,4.0
121,174,4.0
121,228,4.0
121,476,4.0
121,765,4.0
122,26,4.0
122,237,4.0
122,704,4.0
122,1053,4.0
122,1469,4.0
122,2461,4.0
123,0,4.0
123,78,4.0
123,118,4.0
123,130,4.0
123,142,4.0
123,270,4.0
124,187,4.0
124,346,4.0
124,448,4.0
124,580,4.0
124,1982,4.0
124,3370,4.0
125,47,4.0
125,230,4.0
125,257,4.0
125,275,4.0
125,573,4.0
125,3434,4.0
126,137,4.0
126,208,4.0
126,627,4.0
126,703,4.0
126,1441,4.0
126,3087,4.0
127,194,4.0
127,675,4.0
127,767,4.0
127,2597,4.0
127,2744,4.0
127,2809,4.0
128,3,4.0
128,130,4.0
128,423,4.0
128,2738,4.0
128,3144,4.0
128,3552,4.0
129,1816,4.0
129,1825,4.0
129,2098,4.0
129,2693,4.0
129,3336,4.0
129,3415,4.0
130,992,4.0
130,1035,4.0
130,1301,4.0
130,2363,4.0
130,2647,4.0
130,3172,4.0
131,211,4.0
131,415,4.0
131,2030,4.0
131,2088,4.0
131,3258,4.0
131,3566,4.0
132,342,4.0
132,357,4.0
132,410,4.0
132,459,4.0
132,861,4.0
132,1815,4.0
133,754,4.0
133,836,4.0
133,960,4.0
133,1197,4.0
133,1320,4.0
133,3472,4.0
134,583,4.0
134,686,4.0
134,718,4.0
134,816,4.0
134,1428,4.0
134,2527,4.0
135,9,4.0
135,26,4.0
135,126,4.0
135,443,4.0
135,598,4.0
135,707,4.0
136,16,4.0
136,120,4.0
136,945,4.0
136,1127,4.0
136,2193,4.0
136,2660,4.0
137,286,4.0
137,938,4.0
137,2705,4.0
137,2806,4.0
137,2887,4.0
137,2943,4.0
138,919,4.0
138,1557,4.0
138,2218,4.0
138,2599,4.0
138,3422,4.0
138,3504,4.0
139,951,4.0
139,1088,4.0
139,1602,4.0
139,2109,4.0
139,2382,4.0
139,2423,4.0
140,1055,4.0
140,1589,4.0
140,1888,4.0
140,2173,4.0
140,2884,4.0
140,3558,4.0
141,70,4.0
141,364,4.0
141,482,4.0
141,553,4.0
141,649,4.0
141,1777,4.0
142,3,4.0
142,17,4.0
142,26,4.0
142,45,4.0
142,49,4.0
142,316,4.0
143,721,4.0
143,904,4.0
143,996,4.0
143,1417,4.0
143,3080,4.0
143,3534,4.0
144,145,4.0
144,1178,4.0
144,1869,4.0
144,2484,4.0
144,3264,4.0
144,3591,4.0
145,82,4.0
145,160,4.0
145,413,4.0
145,2945,4.0
145,2994,4.0
145,3277,4.0
146,7,4.0
146,284,4.0
146,466,4.0
146,780,4.0
146,1149,4.0
146,1285,4.0
147,131,4.0
147,449,4.0
147,563,4.0
147,944,4.0
147,2545,4.0
147,3163,4.0
148,32,4.0
148,76,4.0
148,381,4.0
148,1022,4.0
148,2735,4.0
148,2774,4.0
149,113,4.0
149,133,4.0
149,364,4.0
149,697,4.0
149,2929,4.0
149,3715,4.0
150,35,4.0
150,65,4.0
150,81,4.0
150,124,4.0
150,129,4.0
150,2979,4.0
151,1307,4.0
151,2430,4.0
151,2435,4.0
151,2470,4.0
151,3327,4.0
151,3686,4.0
152,85,4.0
152,400,4.0
152,489,4.0
152,2543,4.0
152,2598,4.0
152,3308,4.0
153,20,4.0
153,115,4.0
153,116,4.0
153,199,4.0
153,871,4.0
153,3236,4.0
154,471,4.0
154,587,4.0
154,606,4.0
154,1921,4.0
154,2050,4.0
154,2975,4.0
155,400,4.0
155,519,4.0
155,773,4.0
155,836,4.0
155,1032,4.0
155,1647,4.0
156,347,4.0
156,1134,4.0
156,2213,4.0
156,2485,4.0
156,2585,4.0
156,3645,4.0
157,226,4.0
157,327,4.0
157,1002,4.0
157,1162,4.0
157,1507,4.0
157,2715,4.0
158,35,4.0
158,36,4.0
158,71,4.0
158,274,4.0
158,640,4.0
158,645,4.0
159,103,4.0
159,189,4.0
159,265,4.0
159,863,4.0
159,1735,4.0
159,2214,4.0
160,1,4.0
160,51,4.0
160,128,4.0
160,245,4.0
160,269,4.0
160,583,4.0
161,20,4.0
161,231,4.0
161,325,4.0
161,354,4.0
161,641,4.0
161,1110,4.0
162,12,4.0
162,31,4.0
162,32,4.0
162,107,4.0
162,190,4.0
162,2958,4.0
163,1500,4.0
163,2244,4.0
163,2752,4.0
163,2790,4.0
163,3402,4.0
163,3425,4.0
164,105,4.0
164,556,4.0
164,644,4.0
164,670,4.0
164,1190,4.0
164,3341,4.0
165,187,4.0
165,240,4.0
165,537,4.0
165,572,4.0
165,2832,4.0
165,3245,4.0
166,101,4.0
166,598,4.0
166,1295,4.0
166,1369,4.0
166,2041,4.0
166,2420,4.0
167,86,4.0
167,113,4.0
167,234,4.0
167,620,4.0
167,1138,4.0
167,1319,4.0
168,54,4.0
168,293,4.0
168,315,4.0
168,491,4.0
168,605,4.0
168,3282,4.0
169,52,4.0
169,483,4.0
169,783,4.0
169,1164,4.0
169,2294,4.0
169,3557,4.0
170,28,4.0
170,94,4.0
170,210,4.0
170,220,4.0
170,995,4.0
170,1139,4.0
171,65,4.0
171,84,4.0
171,124,4.0
171,154,4.0
171,392,4.0
171,647,4.0
172,5,4.0
172,11,4.0
172,123,4.0
172,192,4.0
172,804,4.0
172,2266,4.0
173,30,4.0
173,622,4.0
173,753,4.0
173,925,4.0
173,957,4.0
173,1479,4.0
174,8,4.0
174,27,4.0
174,252,4.0
174,325,4.0
174,1128,4.0
174,2963,4.0
175,738,4.0
175,1144,4.0
175,2144,4.0
175,2346,4.0
175,2707,4.0
175,3098,4.0
176,348,4.0
176,993,4.0
176,2138,4.0
176,2264,4.0
176,2648,4.0
176,3361,4.0
177,12,4.0
177,426,4.0
177,824,4.0
177,1203,4.0
177,3229,4.0
177,3344,4.0
178,113,4.0
178,398,4.0
178,932,4.0
178,1085,4.0
178,1373,4.0
179,37,4.0
179,269,4.0
179,416,4.0
179,469,4.0
179,2551,4.0
180,32,4.0
180,195,4.0
180,249,4.0
180,570,4.0
180,2849,4.0
181,3,4.0
181,34,4.0
181,149,4.0
181,216,4.0
181,355,4.0
182,25,4.0
182,47,4.0
182,402,4.0
182,577,4.0
182,1720,4.0
183,150,4.0
183,275,4.0
183,315,4.0
183,1591,4.0
183,2917,4.0
184,1,4.0
184,15,4.0
184,98,4.0
184,844,4.0
184,1829,4.0
185,17,4.0
185,290,4.0
185,301,4.0
185,383,4.0
185,2195,4.0
186,100,4.0
186,264,4.0
186,386,4.0
186,1142,4.0
186,3017,4.0
187,7,4.0
187,50,4.0
187,85,4.0
187,456,4.0
187,509,4.0
188,376,4.0
188,528,4.0
188,769,4.0
188,2539,4.0
188,3575,4.0
189,186,4.0
189,567,4.0
189,651,4.0
189,1578,4.0
189,2843,4.0
190,31,4.0
190,88,4.0
190,111,4.0
190,259,4.0
190,298,4.0
191,146,4.0
191,234,4.0
191,710,4.0
191,3082,4.0
191,3204,4.0
192,2,4.0
192,225,4.0
192,408,4.0
192,537,4.0
192,1804,4.0
193,7,4.0
193,77,4.0
193,384,4.0
193,3551,4.0
193,3692,4.0
194,13,4.0
194,21,4.0
194,32,4.0
194,63,4.0
194,927,4.0
195,1056,4.0
195,1565,4.0
195,1817,4.0
195,2709,4.0
195,2805,4.0
196,92,4.0
196,205,4.0
196,212,4.0
196,956,4.0
196,1919,4.0
197,25,4.0
197,916,4.0
197,997,4.0
197,2159,4.0
197,2904,4.0
198,0,4.0
198,38,4.0
198,256,4.0
198,323,4.0
198,3271,4.0
199,436,4.0
199,1025,4.0
199,2351,4.0
199,2656,4.0
199,3561,4.0
200,572,4.0
200,1439,4.0
200,2105,4.0
200,2522,4.0
200,3371,4.0
201,24,4.0
201,27,4.0
201,50,4.0
201,72,4.0
201,3036,4.0
202,51,4.0
202,221,4.0
202,461,4.0
202,1561,4.0
202,3237,4.0
203,123,4.0
203,236,4.0
203,525,4.0
203,1880,4.0
203,2801,4.0
204,4,4.0
204,41,4.0
204,52,4.0
204,108,4.0
204,1237,4.0
205,369,4.0
205,2062,4.0
205,2217,4.0
205,2741,4.0
205,2827,4.0
206,138,4.0
206,329,4.0
206,602,4.0
206,666,4.0
206,2409,4.0
207,460,4.0
207,1031,4.0
207,1072,4.0
207,2625,4.0
207,3598,4.0
208,310,4.0
208,584,4.0
208,698,4.0
208,1739,4.0
208,2911,4.0
209,20,4.0
209,67,4.0
209,116,4.0
209,147,4.0
209,167,4.0
210,179,4.0
210,403,4.0
210,829,4.0
210,2023,4.0
210,2253,4.0
211,69,4.0
211,258,4.0
211,316,4.0
211,2018,4.0
211,3339,4.0
212,576,4.0
212,582,4.0
212,866,4.0
212,2097,4.0
212,2986,4.0
213,84,4.0
213,268,4.0
213,2442,4.0
213,3352,4.0
213,3404,4.0
214,1045,4.0
214,1466,4.0
214,3168,4.0
214,3346,4.0
214,3620,4.0
215,451,4.0
215,1026,4.0
215,1662,4.0
215,1855,4.0
215,3604,4.0
216,66,4.0
216,123,4.0
216,1679,4.0
216,2020,4.0
216,3322,4.0
217,243,4.0
217,1195,4.0
217,2606,4.0
217,2751,4.0
217,2908,4.0
218,172,4.0
218,826,4.0
218,1801,4.0
218,2696,4.0
218,3067,4.0
219,441,4.0
219,696,4.0
219,1398,4.0
219,2762,4.0
219,3492,4.0
220,528,4.0
220,620,4.0
220,1568,4.0
220,3072,4.0
220,3641,4.0
221,950,4.0
221,1200,4.0
221,1548,4.0
221,1686,4.0
221,2017,4.0
222,58,4.0
222,532,4.0
222,628,4.0
222,731,4.0
222,3207,4.0
223,16,4.0
223,161,4.0
223,211,4.0
223,371,4.0
223,2265,4.0
224,159,4.0
224,416,4.0
224,1083,4.0
224,1141,4.0
224,2763,4.0
225,319,4.0
225,484,4.0
225,1443,4.0
225,2091,4.0
225,2234,4.0
226,45,4.0
226,311,4.0
226,1048,4.0
226,1058,4.0
226,1501,4.0
227,624,4.0
227,1474,4.0
227,1638,4.0
227,2890,4.0
227,3294,4.0
228,811,4.0
228,1196,4.0
228,1534,4.0
228,1535,4.0
228,2070,4.0
229,18,4.0
229,40,4.0
229,67,4.0
229,246,4.0
229,499,4.0
230,305,4.0
230,422,4.0
230,966,4.0
230,1116,4.0
230,3532,4.0
231,462,4.0
231,715,4.0
231,1614,4.0
231,2616,4.0
231,3405,4.0
232,190,4.0
232,735,4.0
232,1945,4.0
232,3363,4.0
232,3640,4.0
233,54,4.0
233,68,4.0
233,99,4.0
233,120,4.0
233,2012,4.0
234,150,4.0
234,158,4.0
234,356,4.0
234,359,4.0
234,1288,4.0
235,1227,4.0
235,1791,4.0
235,2078,4.0
235,3115,4.0
235,3350,4.0
236,164,4.0
236,307,4.0
236,1340,4.0
236,1476,4.0
236,2542,4.0
237,146,4.0
237,399,4.0
237,629,4.0
237,1067,4.0
237,2813,4.0
238,95,4.0
238,1004,4.0
238,1038,4.0
238,2031,4.0
238,2505,4.0
239,128,4.0
239,196,4.0
239,1024,4.0
239,1171,4.0
239,2231,4.0
240,47,4.0
240,131,4.0
240,166,4.0
240,295,4.0
240,536,4.0
241,9,4.0
241,18,4.0
241,53,4.0
241,59,4.0
241,3194,4.0
242,4,4.0
242,38,4.0
242,43,4.0
242,276,4.0
242,601,4.0
243,1475,4.0
243,2961,4.0
243,2981,4.0
243,3092,4.0
243,3665,4.0
244,9,4.0
244,61,4.0
244,224,4.0
244,401,4.0
244,477,4.0
245,151,4.0
245,526,4.0
245,977,4.0
245,2254,4.0
245,2479,4.0
246,73,4.0
246,87,4.0
246,88,4.0
246,104,4.0
246,1650,4.0
247,135,4.0
247,186,4.0
247,266,4.0
247,855,4.0
247,2280,4.0
248,0,4.0
248,3,4.0
248,100,4.0
248,174,4.0
248,286,4.0
249,20,4.0
249,61,4.0
249,201,4.0
249,1091,4.0
249,3602,4.0
250,179,4.0
250,421,4.0
250,785,4.0
250,2456,4.0
250,2819,4.0
251,41,4.0
251,140,4.0
251,308,4.0
251,440,4.0
251,1198,4.0
252,0,4.0
252,33,4.0
252,78,4.0
252,142,4.0
252,1256,4.0
253,247,4.0
253,253,4.0
253,838,4.0
253,1893,4.0
253,1979,4.0
254,72,4.0
254,495,4.0
254,755,4.0
254,3513,4.0
254,3540,4.0
255,142,4.0
255,701,4.0
255,736,4.0
255,875,4.0
255,3527,4.0
256,5,4.0
256,13,4.0
256,101,4.0
256,122,4.0
256,540,4.0
257,8,4.0
257,40,4.0
257,134,4.0
257,153,5.0
257,501,4.0
258,1160,4.0
258,1924,4.0
258,1966,4.0
258,2283,4.0
258,2845,4.0
259,319,4.0
259,1409,4.0
259,2010,4.0
259,2238,4.0
259,3006,4.0
260,169,4.0
260,183,4.0
260,388,4.0
260,2075,4.0
260,2370,4.0
261,60,4.0
261,761,4.0
261,803,4.0
261,2163,4.0
261,2571,4.0
262,200,4.0
262,1278,4.0
262,2313,4.0
262,2368,4.0
262,3276,4.0
263,89,4.0
263,637,4.0
263,793,4.0
263,2686,4.0
263,2764,4.0
264,1341,4.0
264,1550,4.0
264,1868,4.0
264,2777,4.0
264,3554,4.0
265,26,4.0
265,60,4.0
265,67,4.0
265,68,4.0
265,2681,4.0
266,195,4.0
266,201,4.0
266,439,4.0
266,1234,4.0
266,1388,4.0
267,68,4.0
267,347,4.0
267,386,4.0
267,700,4.0
267,2323,4.0
268,89,4.0
268,116,4.0
268,385,4.0
268,406,4.0
268,1367,4.0
269,240,4.0
269,296,4.0
269,407,4.0
269,878,4.0
269,2861,4.0
270,3,4.0
270,344,4.0
270,809,4.0
270,1969,4.0
270,2692,4.0
271,18,4.0
271,81,4.0
271,87,4.0
271,111,4.0
271,129,4.0
272,291,4.0
272,533,4.0
272,608,4.0
272,998,4.0
272,1330,4.0
273,20,4.0
273,1393,4.0
273,1797,4.0
273,2329,4.0
273,2871,4.0
274,112,4.0
274,447,4.0
274,642,4.0
274,714,4.0
274,2337,4.0
275,25,4.0
275,34,4.0
275,136,4.0
275,439,4.0
275,1671,4.0
276,95,4.0
276,414,4.0
276,592,4.0
276,679,4.0
276,797,4.0
277,26,4.0
277,28,4.0
277,107,4.0
277,215,4.0
277,232,4.0
278,31,4.0
278,260,4.0
278,643,4.0
278,1519,4.0
278,1754,4.0
279,38,4.0
279,557,4.0
279,657,4.0
279,1967,4.0
279,3546,4.0
280,162,4.0
280,208,4.0
280,423,4.0
280,989,4.0
280,1858,4.0
281,1056,4.0
281,1236,4.0
281,1684,4.0
281,2046,4.0
281,2488,4.0
282,30,4.0
282,38,4.0
282,147,4.0
282,294,4.0
282,1095,4.0
283,97,4.0
283,146,4.0
283,240,4.0
283,521,4.0
283,1290,4.0
284,0,4.0
284,92,4.0
284,157,4.0
284,255,4.0
284,2567,4.0
285,26,4.0
285,35,4.0
285,1063,4.0
285,3086,4.0
285,3330,4.0
286,246,4.0
286,480,4.0
286,510,4.0
286,3460,4.0
286,3500,4.0
287,7,4.0
287,12,4.0
287,16,4.0
287,41,4.0
287,71,4.0
288,876,4.0
288,1249,4.0
288,1494,4.0
288,1843,4.0
288,2915,4.0
289,62,4.0
289,304,4.0
289,592,4.0
289,1363,4.0
289,3494,4.0
290,5,4.0
290,183,4.0
290,1003,4.0
290,2610,4.0
290,3416,4.0
291,2,4.0
291,11,4.0
291,180,4.0
291,430,4.0
291,964,4.0
292,12,4.0
292,18,4.0
292,41,4.0
292,46,4.0
292,871,4.0
293,161,4.0
293,397,4.0
293,823,4.0
293,2876,4.0
293,3058,4.0
294,72,4.0
294,132,4.0
294,1183,4.0
294,1188,4.0
295,14,4.0
295,21,4.0
295,589,4.0
295,2411,4.0
296,41,4.0
296,530,4.0
296,1601,4.0
296,1918,4.0
297,222,4.0
297,1030,4.0
297,2379,4.0
297,2454,4.0
298,28,4.0
298,131,4.0
298,272,4.0
298,785,4.0
299,53,4.0
299,129,4.0
299,934,4.0
299,2931,4.0
300,802,4.0
300,3290,4.0
300,3484,4.0
300,3663,4.0
301,149,4.0
301,719,4.0
301,1616,4.0
301,2032,4.0
302,548,4.0
302,595,4.0
302,897,4.0
302,1083,4.0
303,68,4.0
303,143,4.0
303,360,4.0
303,615,4.0
304,90,4.0
304,751,4.0
304,1784,4.0
304,2874,4.0
305,353,4.0
305,590,4.0
305,3077,4.0
305,3518,4.0
306,1,4.0
306,5,4.0
306,253,4.0
306,621,4.0
307,47,4.0
307,124,4.0
307,1135,4.0
307,2471,4.0
308,74,4.0
308,78,4.0
308,591,4.0
308,2090,4.0
309,84,4.0
309,472,4.0
309,494,4.0
309,568,4.0
310,480,4.0
310,499,4.0
310,2481,4.0
310,3285,4.0
311,126,4.0
311,366,4.0
311,414,4.0
311,3270,4.0
312,18,4.0
312,513,4.0
312,933,4.0
312,2936,4.0
313,166,4.0
313,303,4.0
313,349,4.0
313,3287,4.0
314,11,4.0
314,26,4.0
314,80,4.0
314,958,4.0
315,133,4.0
315,169,4.0
315,224,4.0
315,273,4.0
316,9,4.0
316,93,4.0
316,148,4.0
316,1968,4.0
317,340,4.0
317,613,4.0
317,1704,4.0
317,3481,4.0
318,1810,4.0
318,2189,4.0
318,2533,4.0
318,2883,4.0
319,202,4.0
319,212,4.0
319,434,4.0
319,603,4.0
320,98,4.0
320,119,4.0
320,951,4.0
320,1897,4.0
321,281,4.0
321,285,4.0
321,450,4.0
321,1026,4.0
322,121,4.0
322,259,4.0
322,396,4.0
322,2353,4.0
323,8,4.0
323,236,4.0
323,1131,4.0
323,2387,4.0
324,901,4.0
324,1705,4.0
324,3617,4.0
324,3696,4.0
325,266,4.0
325,566,4.0
325,726,4.0
325,1992,4.0
326,262,4.0
326,408,4.0
326,1871,4.0
326,2002,4.0
327,27,4.0
327,32,4.0
327,33,4.0
327,177,4.0
328,363,4.0
328,726,4.0
328,1187,4.0
328,3320,4.0
329,2,4.0
329,11,4.0
329,15,4.0
329,24,4.0
330,564,4.0
330,581,4.0
330,1011,4.0
330,1878,4.0
331,15,4.0
331,31,4.0
331,53,4.0
331,109,4.0
332,6,4.0
332,58,4.0
332,330,4.0
332,514,4.0
333,394,4.0
333,656,4.0
333,1194,4.0
333,3526,4.0
334,626,4.0
334,798,4.0
334,1193,4.0
334,2953,4.0
335,808,4.0
335,1585,4.0
335,1623,4.0
335,2654,4.0
336,18,4.0
336,29,4.0
336,38,4.0
336,67,4.0
337,361,4.0
337,563,4.0
337,1885,4.0
337,2055,4.0
338,113,4.0
338,134,4.0
338,188,4.0
338,694,4.0
339,745,4.0
339,900,4.0
339,1156,4.0
339,2865,4.0
340,584,4.0
340,789,4.0
340,1023,4.0
340,1152,4.0
341,1267,4.0
341,1651,4.0
341,1772,4.0
341,2822,4.0
342,89,4.0
342,166,4.0
342,214,4.0
342,3653,4.0
343,234,4.0
343,466,4.0
343,834,4.0
343,1199,4.0
344,12,4.0
344,25,4.0
344,39,4.0
344,791,4.0
345,69,4.0
345,799,4.0
345,969,4.0
345,1723,4.0
346,110,4.0
346,288,4.0
346,326,4.0
346,1698,4.0
347,1,4.0
347,39,4.0
347,80,4.0
347,396,4.0
348,2,4.0
348,19,4.0
348,48,4.0
348,55,4.0
349,74,4.0
349,756,4.0
349,1707,4.0
349,2469,4.0
350,128,4.0
350,159,4.0
350,171,4.0
350,947,4.0
351,294,4.0
351,336,4.0
351,1087,4.0
351,2796,4.0
352,1001,4.0
352,2952,4.0
352,3232,4.0
352,3408,4.0
353,86,4.0
353,653,4.0
353,1380,4.0
353,2110,4.0
354,17,4.0
354,184,4.0
354,267,4.0
354,716,4.0
355,941,4.0
355,1143,4.0
355,1243,4.0
355,2978,4.0
356,0,4.0
356,2008,4.0
356,2711,4.0
356,3625,4.0
357,22,4.0
357,94,4.0
357,109,4.0
357,132,4.0
358,137,4.0
358,1642,4.0
358,2162,4.0
358,2999,4.0
359,14,4.0
359,157,4.0
359,495,4.0
359,3658,4.0
360,336,4.0
360,427,4.0
360,757,4.0
360,3451,4.0
361,9,4.0
361,47,4.0
361,883,4.0
361,1150,4.0
362,15,4.0
362,19,4.0
362,24,4.0
362,58,4.0
363,638,4.0
363,820,4.0
363,913,4.0
363,3222,4.0
364,49,4.0
364,80,4.0
364,165,4.0
364,538,4.0
365,8,4.0
365,243,4.0
365,418,4.0
365,2099,4.0
366,619,4.0
366,2888,4.0
366,3200,4.0
366,3632,4.0
367,1694,4.0
367,1789,4.0
367,1956,4.0
367,2013,4.0
368,143,4.0
368,565,4.0
368,929,4.0
368,1075,4.0
369,275,4.0
369,277,4.0
369,296,4.0
369,537,4.0
370,12,4.0
370,352,4.0
370,690,4.0
370,2862,4.0
371,31,4.0
371,71,4.0
371,170,4.0
371,860,4.0
372,239,4.0
372,1771,4.0
372,2179,4.0
372,3292,4.0
373,2259,4.0
373,2521,4.0
373,2782,4.0
373,3388,4.0
374,101,4.0
374,132,4.0
374,635,4.0
374,1354,4.0
375,130,4.0
375,230,4.0
375,388,4.0
375,1859,4.0
376,1075,4.0
376,2395,4.0
376,2788,4.0
376,3234,4.0
377,407,4.0
377,1544,4.0
377,2870,4.0
377,3447,4.0
378,11,4.0
378,15,4.0
378,1653,4.0
378,3420,4.0
379,115,4.0
379,140,4.0
379,247,4.0
379,1139,4.0
380,238,4.0
380,703,4.0
380,1435,4.0
380,2158,4.0
381,2,4.0
381,87,4.0
381,110,4.0
381,226,4.0
382,102,4.0
382,220,4.0
382,903,4.0
382,1713,4.0
383,12,4.0
383,14,4.0
383,18,4.0
383,21,4.0
384,16,4.0
384,282,4.0
384,874,4.0
384,3364,4.0
385,611,4.0
385,948,4.0
385,1940,4.0
385,3198,4.0
386,4,4.0
386,5,4.0
386,21,4.0
386,329,4.0
387,363,4.0
387,2374,4.0
387,2478,4.0
387,2662,4.0
388,2,4.0
388,11,4.0
388,85,4.0
388,207,4.0
389,612,4.0
389,1219,4.0
389,1567,4.0
389,2962,4.0
390,0,4.0
390,27,4.0
390,1856,4.0
390,2914,4.0
391,349,4.0
391,365,4.0
391,1064,4.0
391,3059,4.0
392,10,4.0
392,11,4.0
392,19,4.0
392,48,4.0
393,362,4.0
393,979,4.0
393,1093,4.0
393,3263,4.0
394,57,4.0
394,72,4.0
394,2408,4.0
394,3517,4.0
395,57,4.0
395,112,4.0
395,771,4.0
395,2560,4.0
396,5,4.0
396,13,4.0
396,32,4.0
396,157,4.0
397,185,4.0
397,692,4.0
397,2085,4.0
397,2192,4.0
398,712,4.0
398,965,4.0
398,1255,4.0
398,1366,4.0
399,319,4.0
399,801,4.0
399,2529,4.0
399,2984,4.0
400,693,4.0
400,1696,4.0
400,1721,4.0
400,3355,4.0
401,258,4.0
401,361,4.0
401,382,4.0
401,548,4.0
402,227,4.0
402,502,4.0
402,1112,4.0
402,1119,4.0
403,205,4.0
403,916,4.0
403,1119,4.0
403,3445,4.0
404,206,4.0
404,457,4.0
404,1147,4.0
404,2772,4.0
405,36,4.0
405,125,4.0
405,596,4.0
405,896,4.0
406,53,4.0
406,159,4.0
406,3128,4.0
406,3638,4.0
407,203,4.0
407,1018,4.0
407,2537,4.0
407,3708,4.0
408,2287,4.0
408,2350,4.0
408,3243,4.0
408,3560,4.0
409,2,4.0
409,203,4.0
409,335,4.0
409,2345,4.0
410,1547,4.0
410,2200,4.0
410,2972,5.0
410,3340,4.5
411,465,4.0
411,982,4.0
411,2745,4.0
411,3342,4.0
412,59,4.0
412,87,4.0
412,181,4.0
412,197,4.0
413,116,4.0
413,143,4.0
413,272,4.0
413,3334,4.0
414,1582,4.0
414,1986,4.0
414,2781,4.0
414,2955,4.0
415,22,4.0
415,332,4.0
415,1046,4.0
415,3525,4.0
416,1299,4.0
416,1449,4.0
416,2439,4.0
416,3475,4.0
417,8,4.0
417,13,4.0
417,141,4.0
417,2359,4.0
418,67,4.0
418,165,4.0
418,781,4.0
418,3215,4.0
419,35,4.0
419,435,4.0
419,1020,4.0
419,1192,4.0
420,633,4.0
420,817,4.0
420,1321,4.0
420,2396,4.0
421,250,4.0
421,547,4.0
421,555,4.0
421,2489,4.0
422,8,4.0
422,115,4.0
422,290,4.0
422,354,4.0
423,30,4.0
423,496,4.0
423,1258,4.0
423,2644,4.0
424,94,4.0
424,313,4.0
424,510,4.0
424,3487,4.0
425,1,4.0
425,524,4.0
425,2087,4.0
425,3251,4.0
426,3,4.0
426,296,4.0
426,816,4.0
426,1376,4.0
427,11,4.0
427,239,4.0
427,307,4.0
427,864,4.0
428,249,4.0
428,337,4.0
428,644,4.0
428,1146,4.0
429,33,4.0
429,70,4.0
429,71,4.0
429,2815,4.0
430,84,4.0
430,136,4.0
430,998,4.0
430,1086,4.0
431,64,4.0
431,373,4.0
431,1682,4.0
431,1947,4.0
432,79,4.0
432,190,4.0
432,290,4.0
432,529,4.0
433,25,4.0
433,347,4.0
433,895,4.0
433,2482,4.0
434,201,4.0
434,372,4.0
434,376,4.0
434,892,4.0
435,854,4.0
435,1111,4.0
435,1456,4.0
435,1732,4.0
436,53,4.0
436,116,4.0
436,297,4.0
436,1094,4.0
437,0,4.0
437,312,4.0
437,361,4.0
437,2824,4.0
438,225,4.0
438,286,4.0
438,723,4.0
438,2684,4.0
439,1,4.0
439,407,4.0
439,1052,4.0
439,2026,4.0
440,0,4.0
440,97,4.0
440,943,4.0
440,1999,4.0
441,910,4.0
441,1077,4.0
441,1942,4.0
441,1970,4.0
442,232,4.0
442,351,4.0
442,381,4.0
442,3435,4.0
443,5,4.0
443,108,4.0
443,244,4.0
443,2511,4.0
444,896,4.0
444,2083,4.0
444,2592,4.0
444,3401,4.0
445,198,4.0
445,2913,4.0
445,3230,4.0
445,3275,4.0
446,367,4.0
446,746,4.0
446,1699,4.0
446,2141,4.0
447,5,4.0
447,35,4.0
447,105,4.0
447,441,4.0
448,117,4.0
448,137,4.0
448,160,4.0
448,392,4.0
449,46,4.0
449,265,4.0
449,950,4.0
449,2559,4.0
450,28,4.0
450,43,4.0
450,204,4.0
450,456,4.0
451,21,4.0
451,267,4.0
451,299,4.0
451,1800,4.0
452,8,4.0
452,387,4.0
452,2427,4.0
452,2682,4.0
453,39,4.0
453,178,4.0
453,226,4.0
453,1041,4.0
454,163,4.0
454,337,4.0
454,1099,4.0
454,1315,4.0
455,99,4.0
455,195,4.0
455,1381,4.0
455,3424,4.0
456,78,4.0
456,142,4.0
456,2269,4.0
456,2273,4.0
457,260,4.0
457,304,4.0
457,425,4.0
457,1085,4.0
458,488,4.0
458,1149,4.0
458,2330,4.0
458,2940,4.0
459,320,4.0
459,614,4.0
459,1240,4.0
459,2922,4.0
460,204,4.0
460,297,4.0
460,1114,4.0
460,3393,4.0
461,18,4.0
461,29,4.0
461,37,4.0
461,50,4.0
462,0,4.0
462,37,4.0
462,62,4.0
462,930,4.0
463,57,4.0
463,121,4.0
463,250,4.0
463,393,4.0
464,29,4.0
464,452,4.0
464,1030,4.0
464,3100,4.0
465,56,4.0
465,111,4.0
465,181,4.0
465,298,4.0
466,193,4.0
466,332,4.0
466,1170,4.0
466,1597,4.0
467,60,4.0
467,669,4.0
467,2480,4.0
467,2699,4.0
468,136,4.0
468,291,4.0
468,650,4.0
468,1034,4.0
469,303,4.0
469,567,4.0
469,3069,4.0
469,3586,4.0
470,800,4.0
470,1259,4.0
470,2092,4.0
470,2544,4.0
471,6,4.0
471,33,4.0
471,51,4.0
471,284,4.0
472,122,4.0
472,1097,4.0
472,1617,4.0
472,1926,4.0
473,33,4.0
473,34,4.0
473,49,4.0
473,59,4.0
474,2,4.0
474,6,4.0
474,15,4.0
474,180,4.0
475,1,4.0
475,2,4.0
475,62,4.0
475,3065,4.0
476,740,4.0
476,1390,4.0
476,1655,4.0
476,2332,4.0
477,1727,4.0
477,2839,4.0
477,3417,4.0
477,3656,4.0
478,40,4.0
478,706,4.0
478,2164,4.0
478,2291,4.0
479,7,4.0
479,32,4.0
479,72,4.0
479,503,4.0
480,960,4.0
480,1807,4.0
480,2623,4.0
480,3140,4.0
481,1361,4.0
481,2247,4.0
481,2385,4.0
481,3431,4.0
482,44,4.0
482,235,4.0
482,322,4.0
482,1166,4.0
483,46,4.0
483,139,4.0
483,203,4.0
483,877,4.0
484,34,4.0
484,36,4.0
484,49,4.0
484,1070,4.0
485,111,4.0
485,164,4.0
485,369,4.0
485,1101,4.0
486,20,4.0
486,1813,4.0
486,3037,4.0
486,3621,4.0
487,176,4.0
487,202,4.0
487,241,4.0
487,3716,4.0
488,54,4.0
488,86,4.0
488,187,4.0
488,270,4.0
489,1,4.0
489,118,4.0
489,134,4.0
489,179,4.0
490,98,4.0
490,409,4.0
490,579,4.0
490,683,4.0
491,26,4.0
491,37,4.0
491,437,4.0
491,962,4.0
492,178,4.0
492,580,4.0
492,899,4.0
492,1658,4.0
493,2180,4.0
493,2690,4.0
493,2878,4.0
493,3463,4.0
494,682,4.0
494,2155,4.0
494,2848,4.0
494,3055,4.0
495,7,4.0
495,13,4.0
495,767,4.0
495,2039,4.0
496,1189,4.0
496,1235,4.0
496,1714,4.0
496,2452,4.0
497,268,4.0
497,606,4.0
497,882,4.0
497,1566,4.0
498,123,4.0
498,639,4.0
498,894,4.0
498,1081,4.0
499,50,4.0
499,705,4.0
499,1497,4.0
499,2344,4.0
500,28,4.0
500,318,4.0
500,1291,4.0
500,3244,4.0
501,3,4.0
501,601,4.0
501,646,4.0
501,861,4.0
502,375,4.0
502,569,4.0
502,1413,4.0
502,1850,4.0
503,53,4.0
503,77,4.0
503,233,4.0
503,2515,4.0
504,143,4.0
504,885,4.0
504,1485,4.0
504,1681,4.0
505,43,4.0
505,67,4.0
505,115,4.0
505,217,4.0
506,138,4.0
506,574,4.0
506,1877,4.0
506,2800,4.0
507,23,4.0
507,45,4.0
507,329,4.0
507,1478,4.0
508,115,4.0
508,158,4.0
508,610,4.0
508,821,4.0
509,51,4.0
509,1985,4.0
509,2310,4.0
509,3117,4.0
510,29,4.0
510,122,4.0
510,217,4.0
510,1765,4.0
511,1007,4.0
511,1121,4.0
511,2746,4.0
511,3666,4.0
512,7,4.0
512,361,4.0
512,983,4.0
512,3018,4.0
513,35,4.0
513,195,4.0
513,676,4.0
513,2184,4.0
514,714,4.0
514,839,4.0
514,1470,4.0
514,3038,4.0
515,839,4.0
515,1191,4.0
515,1905,4.0
515,3511,4.0
516,58,4.0
516,173,4.0
516,603,4.0
516,2885,4.0
517,56,4.0
517,350,4.0
517,606,4.0
517,2402,4.0
518,511,4.0
518,864,4.0
518,1169,4.0
518,3628,4.0
519,1131,4.0
519,2607,4.0
519,2634,4.0
519,2658,4.0
520,197,4.0
520,1576,4.0
520,2611,4.0
520,2837,4.0
521,18,4.0
521,385,4.0
521,640,4.0
521,2497,4.0
522,224,4.0
522,618,4.0
522,817,4.0
522,1103,4.0
523,176,4.0
523,467,4.0
523,1753,4.0
523,3075,4.0
524,94,4.0
524,525,4.0
524,900,4.0
524,1156,4.0
525,216,4.0
525,531,4.0
525,577,4.0
525,2120,4.0
526,44,4.0
526,192,4.0
526,206,4.0
526,289,4.0
527,9,4.0
527,270,4.0
527,1281,4.0
527,1935,4.0
528,8,4.0
528,118,4.0
528,354,4.0
528,1890,4.0
529,592,4.0
529,797,4.0
529,1135,4.0
529,2378,4.0
530,404,4.0
530,2063,4.0
530,3318,4.0
530,3670,4.0
531,9,4.0
531,94,4.0
531,677,4.0
531,2842,4.0
532,61,4.0
532,185,4.0
532,406,4.0
532,849,4.0
533,138,4.0
533,941,4.0
533,2605,4.0
533,3677,4.0
534,36,4.0
534,155,4.0
534,267,4.0
534,544,4.0
535,41,4.0
535,94,4.0
535,172,4.0
535,252,4.0
536,89,4.0
536,279,4.0
536,1027,4.0
536,2307,4.0
537,1857,4.0
537,2047,4.0
537,2566,4.0
537,3595,4.0
538,15,4.0
538,225,4.0
538,2673,4.0
538,3150,4.0
539,148,4.0
539,994,4.0
539,1448,4.0
539,2240,4.0
540,66,4.0
540,78,4.0
540,81,4.0
540,274,4.0
541,19,4.0
541,52,4.0
541,179,4.0
541,248,4.0
542,62,4.0
542,142,4.0
542,171,4.0
542,314,4.0
543,184,4.0
543,222,4.0
543,926,4.0
543,1447,4.0
544,121,4.0
544,175,4.0
544,333,4.0
544,515,4.0
545,64,4.0
545,278,4.0
545,3248,4.0
545,3627,4.0
546,223,4.0
546,498,4.0
546,588,4.0
546,2288,4.0
547,125,4.0
547,179,4.0
547,485,4.0
547,701,4.0
548,250,4.0
548,1201,4.0
548,1954,4.0
548,2727,4.0
549,287,4.0
549,292,4.0
549,377,4.0
549,546,4.0
550,102,4.0
550,2267,4.0
550,3089,4.0
550,3448,4.0
551,1132,4.0
551,1399,4.0
551,1987,4.0
551,2719,4.0
552,90,4.0
552,99,4.0
552,427,4.0
552,924,4.0
553,62,4.0
553,198,4.0
553,760,4.0
553,1122,4.0
554,88,4.0
554,287,4.0
554,868,4.0
554,1916,4.0
555,18,4.0
555,22,4.0
555,27,4.0
555,1045,4.0
556,57,4.0
556,105,4.0
556,3120,4.0
556,3601,4.0
557,61,4.0
557,182,4.0
557,749,4.0
557,1527,4.0
558,69,4.0
558,71,4.0
558,145,4.0
558,1903,4.0
559,30,4.0
559,66,4.0
559,106,4.0
559,289,4.0
560,44,4.0
560,80,4.0
560,100,4.0
560,119,4.0
561,3,4.0
561,41,4.0
561,49,4.0
561,1357,4.0
562,116,4.0
562,445,4.0
562,589,4.0
562,3213,4.0
563,15,4.0
563,144,4.0
563,152,4.0
563,192,4.0
564,102,4.0
564,123,4.0
564,139,4.0
564,309,4.0
565,9,5.0
565,17,4.5
565,96,4.0
565,190,4.0
566,44,4.0
566,308,4.0
566,388,4.0
566,2352,4.0
567,1033,4.0
567,1776,4.0
567,1793,4.0
567,3369,4.0
568,262,4.0
568,2145,4.0
568,2526,4.0
569,6,4.0
569,193,4.0
569,1396,4.0
570,6,4.0
570,13,4.0
570,334,4.0
571,73,4.0
571,216,4.0
571,1094,4.0
572,4,4.0
572,318,4.0
572,1677,4.0
573,44,4.0
573,52,4.0
573,1060,4.0
574,2,4.0
574,6,4.0
574,24,4.0
575,558,4.0
575,571,4.0
575,791,4.0
576,3,4.0
576,70,4.0
576,356,4.0
577,3,4.0
577,6,4.0
577,437,4.0
578,9,4.0
578,766,4.0
578,2079,4.0
579,96,4.0
579,827,4.0
579,1404,4.0
580,969,4.0
580,2178,4.0
580,2459,4.0
581,346,4.0
581,1854,4.0
581,2058,4.0
582,5,4.0
582,75,4.0
582,280,4.0
583,23,4.0
583,106,4.0
583,218,4.0
584,6,4.0
584,302,4.0
584,673,4.0
585,301,4.0
585,411,4.0
585,484,4.0
586,593,4.0
586,1338,4.0
586,2493,4.0
587,777,4.0
587,2166,4.0
587,2187,4.0
588,74,4.0
588,77,4.0
588,2072,4.0
589,210,4.0
589,322,4.0
589,1105,4.0
590,618,4.0
590,936,4.0
590,3528,4.0
591,151,4.0
591,702,4.0
591,3360,4.0
592,9,4.0
592,15,4.0
592,432,4.0
593,1165,4.0
593,1495,4.0
593,3137,4.0
594,689,4.0
594,831,4.0
594,1137,4.0
595,22,4.0
595,556,4.0
595,3523,4.0
596,308,4.0
596,370,4.0
596,975,4.0
597,342,4.0
597,732,4.0
597,2650,4.0
598,53,4.0
598,413,4.0
598,566,4.0
599,607,4.0
599,1352,4.0
599,2043,4.0
600,19,4.0
600,24,4.0
600,229,4.0
601,47,4.0
601,61,4.0
601,131,4.0
602,33,4.0
602,110,4.0
602,527,4.0
603,83,4.0
603,430,4.0
603,3187,4.0
604,0,4.0
604,3559,4.0
604,3630,4.0
605,418,4.0
605,728,4.0
605,1250,4.0
606,682,4.0
606,1293,4.0
606,1708,4.0
607,8,4.0
607,32,4.0
607,2624,4.0
608,505,4.0
608,2232,4.0
608,2322,4.0
609,166,4.0
609,2438,4.0
609,2555,4.0
610,1117,4.0
610,1729,4.0
610,1922,4.0
611,734,4.0
611,922,4.0
611,3191,4.0
612,285,4.0
612,2258,4.0
612,2925,4.0
613,127,4.0
613,1186,4.0
613,2226,4.0
614,904,4.0
614,1569,4.0
614,2392,4.0
615,4,4.0
615,53,4.0
615,81,4.0
616,542,4.0
616,3032,4.0
616,3491,4.0
617,0,4.0
617,1426,4.0
617,2084,4.0
618,35,4.0
618,36,4.0
618,151,4.0
619,11,4.0
619,24,4.0
619,54,4.0
620,111,4.0
620,144,4.0
620,302,4.0
621,4,4.0
621,37,4.0
621,177,4.0
622,140,4.0
622,236,4.0
622,2683,4.0
623,213,4.0
623,382,4.0
623,415,4.0
624,444,4.0
624,508,4.0
624,2357,4.0
625,240,4.0
625,2101,4.0
625,3547,4.0
626,467,4.0
626,618,4.0
626,1353,4.0
627,15,4.0
627,180,4.0
627,223,4.0
628,57,4.0
628,2437,4.0
628,3395,4.0
629,23,4.0
629,188,4.0
629,1073,4.0
630,9,4.0
630,43,4.0
630,80,4.0
631,27,4.0
631,1061,4.0
631,1724,4.0
632,177,4.0
632,366,4.0
632,3329,4.0
633,976,4.0
633,2620,4.0
633,3211,4.0
634,1715,4.0
634,1915,4.0
634,1931,4.0
635,384,4.0
635,855,4.0
635,1774,4.0
636,390,4.0
636,1303,4.0
636,3002,4.0
637,430,4.0
637,1009,4.0
637,2466,4.0
638,250,4.0
638,415,4.0
638,3045,4.0
639,1248,4.0
639,2104,4.0
639,3096,4.0
640,6,4.0
640,19,4.0
640,24,4.0
641,188,4.0
641,2418,4.0
641,2768,4.0
642,1371,4.0
642,2386,4.0
642,2588,4.0
643,14,4.0
643,343,4.0
643,544,4.0
644,368,4.0
644,961,4.0
644,1949,4.0
645,1802,4.0
645,2553,4.0
645,3382,4.0
646,1,4.0
646,267,4.0
646,535,4.0
647,327,4.0
647,1454,4.0
647,2506,4.0
648,74,4.0
648,915,4.0
648,2383,4.0
649,77,4.0
649,1661,4.0
649,2974,4.0
650,13,4.0
650,72,4.0
650,233,4.0
651,56,4.0
651,63,4.0
651,87,4.0
652,9,4.0
652,82,4.0
652,365,4.0
653,126,4.0
653,164,4.0
653,393,4.0
654,1302,4.0
654,1920,4.0
654,2318,4.0
655,697,4.0
655,1649,4.0
655,2006,4.0
656,85,4.0
656,215,4.0
656,228,4.0
657,27,4.0
657,36,4.0
657,82,4.0
658,223,4.0
658,639,4.0
658,832,4.0
659,193,4.0
659,478,4.0
659,2496,4.0
660,163,4.0
660,202,4.0
660,484,4.0
661,1422,4.0
661,1824,4.0
661,3201,4.0
662,262,4.0
662,277,4.0
662,338,4.0
663,581,4.0
663,2425,4.0
663,2509,4.0
664,230,4.0
664,1411,4.0
664,2600,4.0
665,3,4.0
665,66,4.0
665,169,4.0
666,345,4.0
666,422,4.0
666,1108,4.0
667,102,4.0
667,907,4.0
667,3170,4.0
668,418,4.0
668,728,4.0
668,1933,4.0
669,0,4.0
669,6,4.0
669,2554,4.0
670,1047,4.0
670,1709,4.0
670,2086,4.0
671,48,4.0
671,55,4.0
671,83,4.0
672,175,4.0
672,181,4.0
672,3112,4.0
673,518,4.0
673,1522,4.0
673,2671,4.0
674,14,4.0
674,16,4.0
674,141,4.0
675,21,4.0
675,1107,4.0
675,1874,4.0
676,5,4.0
676,1766,4.0
676,3315,4.0
677,287,4.0
677,840,4.0
677,3636,4.0
678,9,4.0
678,2460,4.0
678,3176,4.0
679,12,4.0
679,835,4.0
679,1695,4.0
680,11,4.0
680,2739,4.0
680,3035,4.0
681,1104,4.0
681,1506,4.0
681,2221,4.0
682,801,4.0
682,2021,4.0
682,2491,4.0
683,389,4.0
683,415,4.0
683,882,4.0
684,43,4.0
684,76,4.0
684,571,4.0
685,10,4.0
685,1071,4.0
685,1690,4.0
686,14,4.0
686,40,4.0
686,3499,4.0
687,48,4.0
687,83,4.0
687,887,4.0
688,11,4.0
688,14,4.0
688,31,4.0
689,4,4.0
689,7,4.0
689,81,4.0
690,5,4.0
690,41,4.0
690,152,4.0
691,6,4.0
691,19,4.0
691,24,4.0
692,38,4.0
692,315,4.0
692,833,4.0
693,96,4.0
693,154,4.0
693,215,4.0
694,1,4.0
694,24,4.0
694,2734,4.0
695,886,4.0
695,1309,4.0
695,2451,4.0
696,215,4.0
696,252,4.0
696,1593,4.0
697,812,4.0
697,1510,4.0
697,1795,4.0
698,499,4.0
698,518,4.0
698,1862,4.0
699,984,4.0
699,2067,4.0
699,2637,4.0
700,1755,4.0
700,2863,4.0
700,2864,4.0
701,21,4.0
701,168,4.0
701,2786,4.0
702,440,4.0
702,1543,4.0
702,1837,4.0
703,14,4.0
703,2856,4.0
703,3542,4.0
704,1384,4.0
704,1812,4.0
704,3053,4.0
705,114,4.0
705,174,4.0
705,373,4.0
706,248,4.0
706,1445,4.0
706,3107,4.0
707,589,4.0
707,2309,4.0
707,3443,4.0
708,34,4.0
708,42,4.0
708,534,4.0
709,744,4.0
709,979,4.0
709,3562,4.0
710,124,4.0
710,344,4.0
710,345,4.0
711,409,4.0
711,659,4.0
711,692,4.0
712,120,4.0
712,182,4.0
712,236,4.0
713,2467,4.0
713,2723,4.0
713,3545,4.0
714,11,4.0
714,19,4.0
714,63,4.0
715,337,4.0
715,426,4.0
715,2875,4.0
716,1751,4.0
716,2717,4.0
716,3049,4.0
717,942,4.0
717,2061,4.0
717,2165,4.0
718,132,4.0
718,138,4.0
718,194,4.0
719,107,4.0
719,160,4.0
719,408,4.0
720,488,4.0
720,899,4.0
720,1033,4.0
721,1891,4.0
721,3159,4.0
721,3188,4.0
722,1629,4.0
722,2548,4.0
722,2602,4.0
723,457,4.0
723,2068,4.0
723,3304,4.0
724,5,4.0
724,609,4.0
724,3091,4.0
725,35,4.0
725,1010,4.0
725,2792,4.0
726,112,4.0
726,468,4.0
726,607,4.0
727,378,4.0
727,2857,4.0
727,2966,4.0
728,75,4.0
728,453,4.0
728,561,4.0
729,65,4.0
729,758,4.0
729,2838,4.0
730,1181,4.0
730,2583,4.0
730,3611,4.0
731,1022,4.0
731,2157,4.0
731,3679,4.0
732,69,4.0
732,854,4.0
732,1158,4.0
733,103,4.0
733,115,4.0
733,177,4.0
734,34,4.0
734,486,4.0
734,716,4.0
735,473,4.0
735,2516,4.0
735,3585,4.0
736,594,4.0
736,2643,4.0
736,2985,4.0
737,213,4.0
737,792,4.0
737,2472,4.0
738,77,4.0
738,102,4.0
738,2635,4.0
739,3335,4.0
739,3651,4.0
739,3664,4.0
740,1,4.0
740,1902,4.0
740,3496,4.0
741,145,4.0
741,208,4.0
741,562,4.0
742,172,4.0
742,343,4.0
742,419,4.0
743,24,4.0
743,600,4.0
743,1189,4.0
744,145,4.0
744,504,4.0
744,1034,4.0
745,236,4.0
745,383,4.0
745,1405,4.0
746,7,4.0
746,49,4.0
746,526,4.0
747,164,4.0
747,555,4.0
747,2902,4.0
748,21,4.0
748,114,4.0
748,1142,4.0
749,12,4.0
749,186,4.0
749,1408,4.0
750,768,4.0
750,1316,4.0
750,1545,4.0
751,458,4.0
751,789,4.0
751,1908,4.0
752,170,4.0
752,410,4.0
752,604,4.0
753,145,4.0
753,295,4.0
753,768,4.0
754,190,4.0
754,1151,4.0
754,3717,4.0
755,27,4.0
755,48,4.0
755,89,4.0
756,87,4.0
756,568,4.0
756,2732,4.0
757,25,4.0
757,37,4.0
757,61,4.0
758,483,4.0
758,876,4.0
758,1460,4.0
759,17,4.0
759,28,4.0
759,217,4.0
760,119,4.0
760,2850,4.0
760,2980,4.0
761,1450,4.0
761,1513,4.0
761,1977,4.0
762,84,4.0
762,89,4.0
762,95,4.0
763,7,4.0
763,622,4.0
763,713,4.0
764,92,4.0
764,119,4.0
764,253,4.0
765,394,4.0
765,679,4.0
765,3698,4.0
766,446,4.0
766,903,4.0
766,987,4.0
767,957,4.0
767,2316,4.0
767,2714,4.0
768,798,4.0
768,1606,4.0
768,3182,4.0
769,781,4.0
769,2102,4.0
769,2325,4.0
770,1028,4.0
770,2476,4.0
770,2879,4.0
771,264,4.0
771,1324,4.0
771,1433,4.0
772,271,4.0
772,491,4.0
772,1331,4.0
773,724,4.0
773,3299,4.0
773,3722,4.0
774,10,4.0
774,324,4.0
774,412,4.0
775,2038,4.0
775,2194,4.0
775,3166,4.0
776,708,4.0
776,1049,4.0
776,1503,4.0
777,1,4.0
777,10,4.0
777,3326,4.0
778,118,4.0
778,374,4.0
778,405,4.0
779,39,4.0
779,65,4.0
779,578,4.0
780,126,4.0
780,717,4.0
780,2246,4.0
781,280,4.0
781,586,4.0
781,1673,4.0
782,1050,4.0
782,2564,4.0
782,3356,4.0
783,483,4.0
783,608,4.0
783,2799,4.0
784,33,4.0
784,501,4.0
784,578,4.0
785,1927,4.0
785,3691,4.0
785,3713,4.0
786,3,4.0
786,2204,4.0
786,2621,4.0
787,9,4.0
787,37,4.0
787,90,4.0
788,10,4.0
788,91,4.0
788,156,4.0
789,709,4.0
789,1975,4.0
789,3160,4.0
790,513,4.0
790,947,4.0
790,2450,4.0
791,251,4.0
791,619,4.0
791,634,4.0
792,80,4.0
792,100,4.0
792,220,4.0
793,3,4.0
793,404,4.0
793,937,4.0
794,17,4.0
794,802,4.0
794,2891,4.0
795,3260,4.0
795,3539,4.0
795,3607,4.0
796,8,4.0
796,741,4.0
796,2074,4.0
797,1172,4.0
797,2186,4.0
797,3520,4.0
798,282,4.0
798,1218,4.0
798,3466,4.0
799,64,4.0
799,481,4.0
799,667,4.0
800,29,4.0
800,176,4.0
800,1205,4.0
801,5,4.0
801,608,4.0
801,2514,4.0
802,104,4.0
802,495,4.0
802,2976,4.0
803,34,4.0
803,79,4.0
803,219,4.0
804,151,4.0
804,164,4.0
804,658,4.0
805,30,4.0
805,163,4.0
805,392,4.0
806,34,4.0
806,49,4.0
806,51,4.0
807,26,4.0
807,72,4.0
807,341,4.0
808,2,4.0
808,1693,4.0
808,2615,4.0
809,254,4.0
809,325,4.0
809,3162,4.0
810,25,4.0
810,37,4.0
810,565,4.0
811,132,4.0
811,293,4.0
811,1983,4.0
812,17,4.0
812,318,4.0
812,1015,4.0
813,522,4.0
813,2826,4.0
813,3603,4.0
814,829,4.0
814,1098,4.0
814,2534,4.0
815,18,4.0
815,96,4.0
815,655,4.0
816,26,4.0
816,309,4.0
816,988,4.0
817,101,4.0
817,122,4.0
817,841,4.0
818,6,4.0
818,19,4.0
818,211,4.0
819,442,4.0
819,671,4.0
819,3623,4.0
820,7,4.0
820,86,4.0
820,290,4.0
821,95,4.0
821,1898,4.0
821,3709,4.0
822,481,4.0
822,604,4.0
822,770,4.0
823,0,4.0
823,32,4.0
823,46,4.0
824,14,4.0
824,32,4.0
824,330,4.0
825,40,4.0
825,75,4.0
825,561,4.0
826,40,4.0
826,54,4.0
826,2048,4.0
827,66,4.0
827,220,4.0
827,1672,4.0
828,107,4.0
828,2594,4.0
828,3228,4.0
829,84,4.0
829,95,4.0
829,198,4.0
830,22,4.0
830,77,4.0
830,229,4.0
831,597,4.0
831,2289,4.0
831,3268,4.0
832,15,4.0
832,41,4.0
832,1473,4.0
833,324,4.0
833,515,4.0
833,625,4.0
834,93,4.0
834,326,4.0
834,1179,4.0
835,23,4.0
835,40,4.0
835,514,4.0
836,133,4.0
836,554,4.0
836,3648,4.0
837,22,4.0
837,127,4.0
837,206,4.0
838,3,4.0
838,182,4.0
838,251,4.0
839,26,4.0
839,189,4.0
839,1175,4.0
840,91,4.0
840,278,4.0
840,749,4.0
841,1008,4.0
841,2252,4.0
841,2880,4.0
842,363,4.0
842,1609,4.0
842,2549,4.0
843,614,4.0
843,3101,4.0
843,3241,4.0
844,108,4.0
844,1222,4.0
844,3643,4.0
845,106,4.0
845,172,4.0
845,3195,4.0
846,757,4.0
846,881,4.0
846,2241,4.0
847,772,4.0
847,2814,4.0
847,3273,4.0
848,49,4.0
848,79,4.0
848,158,4.0
849,795,4.0
849,2388,4.0
849,3253,4.0
850,35,4.0
850,65,4.0
850,251,4.0
851,85,4.0
851,241,4.0
851,449,4.0
852,0,4.0
852,12,4.0
852,120,4.0
853,79,4.0
853,235,4.0
853,953,4.0
854,24,4.0
854,588,4.0
854,3302,4.0
855,124,4.0
855,358,4.0
855,629,4.0
856,330,4.0
856,713,4.0
856,2632,4.0
857,9,4.0
857,38,4.0
857,228,4.0
858,120,4.0
858,288,4.0
858,2176,4.0
859,43,4.0
859,404,4.0
859,439,4.0
860,812,4.0
860,2356,4.0
860,3267,4.0
861,23,4.0
861,112,4.0
861,1111,4.0
862,68,4.0
862,114,4.0
862,927,4.0
863,27,4.0
863,1976,4.0
863,2775,4.0
864,164,4.0
864,283,4.0
864,2531,4.0
865,506,4.0
865,575,4.0
865,662,4.0
866,54,4.0
866,305,4.0
866,369,4.0
867,73,4.0
867,867,4.0
867,2760,4.0
868,163,4.0
868,254,4.0
868,255,4.0
869,873,4.0
869,3158,4.0
869,3193,4.0
870,197,4.0
870,793,4.0
870,2275,4.0
871,160,4.0
871,585,4.0
871,2550,4.0
872,57,4.0
872,82,4.0
872,366,4.0
873,52,4.0
873,150,4.0
873,291,4.0
874,626,4.0
874,1482,4.0
874,3652,4.0
875,33,4.0
875,95,4.0
875,279,4.0
876,65,4.0
876,184,4.0
876,651,4.0
877,8,4.0
877,1847,4.0
877,3050,4.0
878,284,4.0
878,387,4.0
878,1336,4.0
879,72,4.0
879,159,4.0
879,3102,4.0
880,39,4.0
880,104,4.0
880,378,4.0
881,41,4.0
881,114,4.0
881,223,4.0
882,101,4.0
882,284,4.0
882,2293,4.0
883,29,4.0
883,52,4.0
883,119,4.0
884,4,4.0
884,229,4.0
884,694,4.0
885,865,4.0
885,1444,4.0
885,2568,4.0
886,0,4.0
886,125,4.0
886,2127,4.0
887,856,4.0
887,870,4.0
887,1125,4.0
888,207,4.0
888,811,4.0
888,944,4.0
889,1,4.0
889,55,4.0
889,125,4.0
890,47,4.0
890,145,4.0
890,594,4.0
891,187,4.0
891,1960,4.0
891,3725,4.0
892,30,4.0
892,167,4.0
892,497,4.0
893,30,4.0
893,33,4.0
893,199,4.0
894,210,4.0
894,372,4.0
894,391,4.0
895,6,4.0
895,18,4.0
895,90,4.0
896,300,4.0
896,403,4.0
896,1031,4.0
897,420,4.0
897,731,4.0
897,905,4.0
898,183,4.0
898,300,4.0
898,595,4.0
899,3,4.0
899,30,4.0
899,345,4.0
900,186,4.0
900,359,4.0
900,1123,4.0
901,352,4.0
901,1028,4.0
901,2503,4.0
902,237,4.0
902,529,4.0
902,3482,4.0
903,1245,4.0
903,1554,4.0
903,2298,4.0
904,152,4.0
904,281,4.0
904,683,4.0
905,9,4.0
905,546,4.0
905,3516,4.0
906,294,4.0
906,300,4.0
906,859,4.0
907,501,4.0
907,989,4.0
907,3179,4.0
908,292,4.0
908,470,4.0
908,963,4.0
909,11,4.0
909,156,4.0
909,1080,4.0
910,141,4.0
910,183,4.0
910,593,4.0
911,985,4.0
911,2113,4.0
911,3659,4.0
912,1061,4.0
912,2132,4.0
912,2338,4.0
913,85,4.0
913,159,4.0
913,197,4.0
914,348,4.0
914,672,4.0
914,2674,4.0
915,43,4.0
915,107,4.0
915,109,4.0
916,1,4.0
916,2242,4.0
916,3008,4.0
917,14,4.0
917,177,4.0
917,685,4.0
918,804,4.0
918,2556,4.0
918,3165,4.0
919,837,4.0
919,877,4.0
919,1090,4.0
920,7,4.0
920,375,4.0
920,382,4.0
921,6,4.0
921,270,4.0
921,496,4.0
922,1098,4.0
922,1594,4.0
922,2150,4.0
923,111,4.0
923,367,4.0
923,395,4.0
924,65,4.0
924,211,4.0
924,862,4.0
925,88,4.0
925,151,4.0
925,1180,4.0
926,48,4.0
926,192,4.0
926,223,4.0
927,50,4.0
927,59,4.0
927,197,4.0
928,105,4.0
928,374,4.0
928,2161,4.0
929,2,4.0
929,57,4.0
929,287,4.0
930,1420,4.0
930,2315,4.0
930,2996,4.0
931,170,4.0
931,570,4.0
931,3111,4.0
932,480,4.0
932,527,4.0
932,3301,4.0
933,1,4.0
933,22,4.0
933,52,4.0
934,209,4.0
934,238,4.0
934,421,4.0
935,868,4.0
935,1275,4.0
935,3289,4.0
936,58,4.0
936,269,4.0
936,1221,4.0
937,54,4.0
937,648,4.0
937,1186,4.0
938,1745,4.0
938,1961,4.0
938,2939,4.0
939,309,4.0
939,2629,4.0
939,3023,4.0
940,69,4.0
940,509,4.0
940,2362,4.0
941,23,4.0
941,139,4.0
941,2066,4.0
942,43,4.0
942,219,4.0
942,362,4.0
943,1169,4.0
943,2081,4.0
943,2894,4.0
944,101,4.0
944,184,4.0
944,1215,4.0
945,63,4.0
945,2697,4.0
945,3125,4.0
946,34,4.0
946,45,4.0
946,96,4.0
947,268,4.0
947,660,4.0
947,883,4.0
948,390,4.0
948,955,4.0
948,3418,4.0
949,162,4.0
949,684,4.0
949,1876,4.0
950,1434,4.0
950,1564,4.0
950,1624,4.0
951,11,4.0
951,15,4.0
951,19,4.0
952,552,4.0
952,1217,4.0
952,2867,4.0
953,14,4.0
953,16,4.0
953,1280,4.0
954,431,4.0
954,512,4.0
954,2512,4.0
955,147,4.0
955,648,4.0
955,1187,4.0
956,407,4.0
956,664,4.0
956,2123,4.0
957,609,4.0
957,912,4.0
957,3044,4.0
958,25,4.0
958,94,4.0
958,147,4.0
959,42,4.0
959,70,4.0
959,517,4.0
960,373,4.0
960,741,4.0
960,2118,4.0
961,350,4.0
961,542,4.0
961,2853,4.0
962,1038,4.0
962,1607,4.0
962,2720,4.0
963,1161,4.0
963,1254,4.0
963,3521,4.0
964,22,4.0
964,196,4.0
964,777,4.0
965,13,4.0
965,24,4.0
965,952,4.0
966,0,4.0
966,37,4.0
966,59,4.0
967,30,4.0
967,104,4.0
967,217,4.0
968,12,4.0
968,2149,4.0
968,2182,4.0
969,213,4.0
969,513,4.0
969,737,4.0
970,2,4.0
970,126,4.0
970,1147,4.0
971,77,4.0
971,92,4.0
971,158,4.0
972,4,4.0
972,5,4.0
972,147,4.0
973,14,4.0
973,16,4.0
973,121,4.0
974,27,4.0
974,1082,4.0
974,2726,4.0
975,1102,4.0
975,1549,4.0
975,2964,4.0
976,63,4.0
976,105,4.0
976,129,4.0
977,189,4.0
977,195,4.0
977,437,4.0
978,712,4.0
978,824,4.0
978,2433,4.0
979,117,4.0
979,128,4.0
979,3524,4.0
980,209,4.0
980,952,4.0
980,1182,4.0
981,384,4.0
981,929,4.0
981,1957,4.0
982,18,4.0
982,996,4.0
982,2500,4.0
983,253,4.0
983,541,4.0
983,827,4.0
984,239,4.0
984,307,4.0
984,1524,4.0
985,66,4.0
985,141,4.0
985,758,4.0
986,95,4.0
986,254,4.0
986,279,4.0
987,76,4.0
987,78,4.0
987,171,4.0
988,12,4.0
988,1065,4.0
988,2767,4.0
989,13,4.0
989,100,4.0
989,182,4.0
990,16,4.0
990,787,4.0
990,3386,4.0
991,1181,4.0
991,3004,4.0
991,3088,4.0
992,114,4.0
992,249,4.0
992,1490,4.0
993,511,4.0
993,1786,4.0
993,2286,4.0
994,1780,4.0
994,1936,4.0
994,2156,4.0
995,1718,4.0
995,2140,4.0
995,3695,4.0
996,2077,4.0
996,2754,4.0
996,3104,4.0
997,0,4.0
997,520,4.0
997,2468,4.0
998,84,4.0
998,89,4.0
998,585,4.0
999,3,4.0
999,29,4.0
999,160,4.0
1000,168,4.0
1000,455,4.0
1000,2868,4.0
1001,874,4.0
1001,1214,4.0
1001,2701,4.0
1002,140,4.0
1002,992,4.0
1002,2035,4.0
1003,2389,4.0
1003,2507,4.0
1003,2570,4.0
1004,87,4.0
1004,335,4.0
1004,2227,4.0
1005,2750,4.0
1005,3565,4.0
1005,3723,4.0
1006,895,4.0
1006,2810,4.0
1006,3702,4.0
1007,283,4.0
1007,426,4.0
1007,1184,4.0
1008,4,4.0
1008,37,4.0
1008,1079,4.0
1009,461,4.0
1009,2631,4.0
1009,3348,4.0
1010,2,4.0
1010,8,4.0
1010,410,4.0
1011,807,4.0
1011,1193,4.0
1011,3310,4.0
1012,90,4.0
1012,98,4.0
1012,141,4.0
1013,202,4.0
1013,1129,4.0
1013,1889,4.0
1014,1552,4.0
1014,3174,4.0
1014,3288,4.0
1015,557,4.0
1015,2498,4.0
1015,3291,4.0
1016,596,4.0
1016,729,4.0
1016,1095,4.0
1017,93,4.0
1017,109,4.0
1017,158,4.0
1018,73,4.0
1018,191,4.0
1018,2406,4.0
1019,162,4.0
1019,163,4.0
1019,2609,4.0
1020,1,4.0
1020,395,4.0
1020,3497,4.0
1021,0,4.0
1021,313,4.0
1021,729,4.0
1022,6,4.0
1022,19,4.0
1022,24,4.0
1023,162,4.0
1023,564,4.0
1023,1846,4.0
1024,273,4.0
1024,1759,4.0
1024,1941,4.0
1025,1229,4.0
1025,2672,4.0
1025,3062,4.0
1026,47,4.0
1026,376,4.0
1026,1188,4.0
1027,198,4.0
1027,288,4.0
1027,3022,4.0
1028,4,4.0
1028,18,4.0
1028,2405,4.0
1029,128,4.0
1029,394,4.0
1029,2445,4.0
1030,7,4.0
1030,195,4.0
1030,2638,4.0
1031,263,4.0
1031,331,4.0
1031,973,4.0
1032,208,4.0
1032,553,4.0
1032,810,4.0
1033,898,4.0
1033,2022,4.0
1033,2181,4.0
1034,19,4.0
1034,1305,4.0
1034,1453,4.0
1035,1531,4.0
1035,1989,4.0
1035,3419,4.0
1036,531,4.0
1036,786,4.0
1036,2003,4.0
1037,7,4.0
1037,1044,4.0
1037,1641,4.0
1038,105,4.0
1038,249,4.0
1038,542,4.0
1039,2993,4.0
1039,3449,4.0
1039,3704,4.0
1040,1378,4.0
1040,3633,4.0
1040,3693,4.0
1041,335,4.0
1041,625,4.0
1041,1190,4.0
1042,49,4.0
1042,276,4.0
1042,383,4.0
1043,546,4.0
1043,2256,4.0
1043,2846,4.0
1044,611,4.0
1044,1669,4.0
1044,3583,4.0
1045,1019,4.0
1045,2100,4.0
1045,3589,4.0
1046,0,4.0
1046,2,4.0
1046,11,4.0
1047,337,4.0
1047,590,4.0
1047,1468,4.0
1048,6,4.0
1048,25,4.0
1048,80,4.0
1049,477,4.0
1049,901,4.0
1049,2130,4.0
1050,0,4.0
1050,865,4.0
1050,2401,4.0
1051,67,4.0
1051,246,4.0
1051,334,4.0
1052,353,4.0
1052,422,4.0
1052,795,4.0
1053,144,4.0
1053,1057,4.0
1053,3281,4.0
1054,31,4.0
1054,441,4.0
1054,1668,4.0
1055,47,4.0
1055,133,4.0
1055,550,4.0
1056,461,4.0
1056,738,4.0
1056,2798,4.0
1057,247,4.0
1057,297,4.0
1057,351,4.0
1058,586,4.0
1058,1821,4.0
1058,3569,4.0
1059,35,4.0
1059,397,4.0
1059,451,4.0
1060,5,4.0
1060,32,4.0
1060,1176,4.0
1061,251,4.0
1061,429,4.0
1061,2311,4.0
1062,118,4.0
1062,341,4.0
1062,645,4.0
1063,212,4.0
1063,218,4.0
1063,1174,4.0
1064,25,4.0
1064,33,4.0
1064,165,4.0
1065,121,4.0
1065,331,4.0
1065,1277,4.0
1066,750,4.0
1066,825,4.0
1066,964,4.0
1067,9,4.0
1067,423,4.0
1067,1087,4.0
1068,39,4.0
1068,60,4.0
1068,166,4.0
1069,0,4.0
1069,1080,4.0
1069,2151,4.0
1070,257,4.0
1070,671,4.0
1070,1998,4.0
1071,1406,4.0
1071,2116,4.0
1071,2394,4.0
1072,458,4.0
1072,732,4.0
1072,1952,4.0
1073,44,4.0
1073,58,4.0
1073,413,4.0
1074,1129,4.0
1074,3594,4.0
1074,3639,4.0
1075,0,4.0
1075,213,4.0
1075,3005,4.0
1076,9,4.0
1076,520,4.0
1076,1326,4.0
1077,200,4.0
1077,2306,4.0
1077,3593,4.0
1078,52,4.0
1078,289,4.0
1078,933,4.0
1079,112,4.0
1079,1425,4.0
1079,1853,4.0
1080,41,4.0
1080,322,4.0
1080,341,4.0
1081,4,4.0
1081,31,4.0
1081,32,4.0
1082,131,4.0
1082,1424,4.0
1082,3225,4.0
1083,56,4.0
1083,125,4.0
1083,1962,4.0
1084,36,4.0
1084,544,4.0
1084,1118,4.0
1085,130,4.0
1085,504,4.0
1085,3279,4.0
1086,0,4.0
1086,30,4.0
1086,175,4.0
1087,2893,4.0
1087,3071,4.0
1087,3143,4.0
1088,4,4.0
1088,80,4.0
1088,276,4.0
1089,109,4.0
1089,1118,4.0
1089,1360,4.0
1090,1866,4.0
1090,2121,4.0
1090,2233,4.0
1091,412,4.0
1091,488,4.0
1091,1944,4.0
1092,17,4.0
1092,26,4.0
1092,34,4.0
1093,216,4.0
1093,312,4.0
1093,1904,4.0
1094,1,4.0
1094,2,4.0
1094,156,4.0
1095,12,4.0
1095,1328,4.0
1095,3493,4.0
1096,5,4.0
1096,13,4.0
1096,127,4.0
1097,62,4.0
1097,155,4.0
1097,1421,4.0
1098,149,4.0
1098,597,4.0
1098,2920,4.0
1099,2360,4.0
1099,2510,4.0
1099,2835,4.0
1100,41,4.0
1100,248,4.0
1100,959,4.0
1101,96,4.0
1101,434,4.0
1101,1123,4.0
1102,752,4.0
1102,1798,4.0
1102,2271,4.0
1103,34,4.0
1103,158,4.0
1103,222,4.0
1104,289,4.0
1104,1074,4.0
1104,2997,4.0
1105,5,4.0
1105,7,4.0
1105,46,4.0
1106,1327,4.0
1106,2198,4.0
1106,3090,4.0
1107,1246,4.0
1107,3428,4.0
1107,3657,4.0
1108,1,4.0
1108,486,4.0
1108,506,4.0
1109,4,4.0
1109,13,4.0
1109,181,4.0
1110,11,4.0
1110,485,4.0
1110,1738,4.0
1111,418,4.0
1111,3239,4.0
1111,3624,4.0
1112,299,4.0
1112,745,4.0
1112,3568,4.0
1113,389,4.0
1113,1785,4.0
1113,3564,4.0
1114,59,4.0
1114,90,4.0
1114,794,4.0
1115,13,4.0
1115,32,4.0
1115,831,4.0
1116,1379,4.0
1116,2274,4.0
1116,3644,4.0
1117,14,4.0
1117,45,4.0
1117,336,4.0
1118,5,4.0
1118,13,4.0
1118,305,4.0
1119,2,4.0
1119,6,4.0
1119,498,4.0
1120,57,4.0
1120,181,4.0
1120,3631,4.0
1121,1559,4.0
1121,1678,4.0
1121,3186,4.0
1122,3,4.0
1122,27,4.0
1122,38,4.0
1123,524,4.0
1123,1834,4.0
1123,3205,4.0
1124,857,4.0
1124,2371,4.0
1124,3127,4.0
1125,1,4.0
1125,10,4.0
1125,586,4.0
1126,353,4.0
1126,1943,4.0
1126,2260,4.0
1127,29,4.0
1127,832,4.0
1127,3596,4.0
1128,101,4.0
1128,232,4.0
1128,784,4.0
1129,116,4.0
1129,273,4.0
1129,946,4.0
1130,599,4.0
1130,1372,4.0
1130,3011,4.0
1131,203,4.0
1131,2523,4.0
1131,3319,4.0
1132,1701,4.0
1132,2483,4.0
1132,3409,4.0
1133,0,4.0
1133,523,4.0
1133,1867,4.0
1134,43,4.0
1134,323,4.0
1134,549,4.0
1135,99,4.0
1135,263,4.0
1135,285,4.0
1136,132,4.0
1136,424,4.0
1136,2426,4.0
1137,392,4.0
1137,1657,4.0
1137,3714,4.0
1138,326,4.0
1138,2215,4.0
1138,2729,4.0
1139,23,4.0
1139,57,4.0
1139,227,4.0
1140,42,4.0
1140,92,4.0
1140,266,4.0
1141,3,4.0
1141,97,4.0
1141,1863,4.0
1142,144,4.0
1142,787,4.0
1142,2364,4.0
1143,350,4.0
1143,436,4.0
1143,471,4.0
1144,122,4.0
1144,284,4.0
1144,647,4.0
1145,48,4.0
1145,55,4.0
1145,156,4.0
1146,210,4.0
1146,585,4.0
1146,1105,4.0
1147,14,4.0
1147,76,4.0
1147,2574,4.0
1148,260,4.0
1148,940,4.0
1148,2152,4.0
1149,619,4.0
1149,800,4.0
1149,2440,4.0
1150,22,4.0
1150,112,4.0
1150,2029,4.0
1151,188,4.0
1151,1021,4.0
1151,3615,4.0
1152,0,4.0
1152,48,4.0
1152,3650,4.0
1153,20,4.0
1153,36,4.0
1153,561,4.0
1154,69,4.0
1154,1865,4.0
1154,3362,4.0
1155,401,4.0
1155,902,4.0
1155,2248,4.0
1156,1065,4.0
1156,2731,4.0
1156,3471,4.0
1157,29,4.0
1157,93,4.0
1157,247,4.0
1158,96,4.0
1158,117,4.0
1158,1917,4.0
1159,21,4.0
1159,396,4.0
1159,3255,4.0
1160,1652,4.0
1160,1770,4.0
1160,2988,4.0
1161,710,4.0
1161,1184,4.0
1161,1731,4.0
1162,36,4.0
1162,38,4.0
1162,3024,4.0
1163,399,4.0
1163,2541,4.0
1163,3202,4.0
1164,918,4.0
1164,1911,4.0
1164,3490,4.0
1165,46,4.0
1165,863,4.0
1165,2851,4.0
1166,10,4.0
1166,58,4.0
1166,420,4.0
1167,0,4.0
1167,3,4.0
1167,79,4.0
1168,177,4.0
1168,383,4.0
1168,2946,4.0
1169,982,4.0
1169,1016,4.0
1170,8,4.0
1170,67,4.0
1171,84,4.0
1171,2896,4.0
1172,2057,4.0
1172,3068,4.0
1173,478,4.0
1173,700,4.0
1174,2595,4.0
1174,3515,4.0
1175,144,4.0
1175,1157,4.0
1176,8,4.0
1176,1086,4.0
1177,23,4.0
1177,221,4.0
1178,128,4.0
1178,244,4.0
1179,2513,4.0
1179,3476,4.0
1180,1764,4.0
1180,2659,4.0
1181,136,4.0
1181,746,4.0
1182,68,4.0
1182,203,4.0
1183,338,4.0
1183,3099,4.0
1184,1818,4.0
1184,3009,4.0
1185,45,4.0
1185,3535,4.0
1186,616,4.0
1186,1308,4.0
1187,8,4.0
1187,1484,4.0
1188,61,4.0
1188,1760,4.0
1189,64,4.0
1189,1664,4.0
1190,393,4.0
1190,650,4.0
1191,1019,4.0
1191,3254,4.0
1192,1,4.0
1192,467,4.0
1193,1182,4.0
1193,1822,4.0
1194,0,4.0
1194,640,4.0
1195,494,4.0
1195,550,4.0
1196,50,4.0
1196,1185,4.0
1197,487,4.0
1197,990,4.0
1198,186,4.0
1198,321,4.0
1199,380,4.0
1199,668,4.0
1200,1023,4.0
1200,3173,4.0
1201,51,4.0
1201,98,4.0
1202,188,4.0
1202,230,4.0
1203,7,4.0
1203,261,4.0
1204,262,4.0
1204,364,4.0
1205,9,3.5
1205,60,4.0
1206,7,4.0
1206,1849,4.0
1207,139,4.0
1207,1600,4.0
1208,492,4.0
1208,923,4.0
1209,272,4.0
1209,328,4.0
1210,453,4.0
1210,925,4.0
1211,1110,4.0
1211,3272,4.0
1212,3413,4.0
1212,3441,4.0
1213,91,4.0
1213,2027,4.0
1214,689,4.0
1214,1014,4.0
1215,29,4.0
1215,218,4.0
1216,51,4.0
1216,103,4.0
1217,4,4.0
1217,7,4.0
1218,2,4.0
1218,21,4.0
1219,31,4.0
1219,424,4.0
1220,604,4.0
1220,1741,4.0
1221,205,4.0
1221,333,4.0
1222,386,4.0
1222,2577,4.0
1223,2474,4.0
1223,2858,4.0
1224,98,4.0
1224,125,4.0
1225,94,4.0
1225,324,4.0
1226,58,4.0
1226,203,4.0
1227,651,4.0
1227,3047,4.0
1228,17,4.0
1228,43,4.0
1229,163,4.0
1229,378,4.0
1230,612,4.0
1230,1965,4.0
1231,435,4.0
1231,475,4.0
1232,32,4.0
1232,3533,4.0
1233,14,4.0
1233,119,4.0
1234,37,4.0
1234,1092,4.0
1235,4,4.0
1235,56,4.0
1236,245,4.0
1236,248,4.0
1237,0,4.0
1237,1814,4.0
1238,131,4.0
1238,1051,4.0
1239,55,4.0
1239,381,4.0
1240,1886,4.0
1240,2358,4.0
1241,545,4.0
1241,3703,4.0
1242,1368,4.0
1242,2983,4.0
1243,457,4.0
1243,2892,4.0
1244,78,4.0
1244,765,4.0
1245,390,4.0
1245,3629,4.0
1246,92,4.0
1246,1477,4.0
1247,602,4.0
1247,1070,4.0
1248,99,4.0
1248,428,4.0
1249,47,4.0
1249,200,4.0
1250,3113,4.0
1250,3353,4.0
1251,74,4.0
1251,185,4.0
1252,638,4.0
1252,3412,4.0
1253,88,4.0
1253,498,4.0
1254,57,4.0
1254,2572,4.0
1255,286,4.0
1255,339,4.0
1256,1345,4.0
1256,3634,4.0
1257,631,4.0
1257,2308,4.0
1258,73,4.0
1258,1015,4.0
1259,953,4.0
1259,977,4.0
1260,9,4.0
1260,100,4.0
1261,3013,4.0
1261,3660,4.0
1262,447,4.0
1262,1750,4.0
1263,231,4.0
1263,627,4.0
1264,3218,4.0
1264,3570,4.0
1265,842,4.0
1265,1356,4.0
1266,75,4.0
1266,3167,4.0
1267,599,4.0
1267,2987,4.0
1268,274,4.0
1268,980,4.0
1269,7,4.0
1269,35,4.0
1270,44,4.0
1270,990,4.0
1271,21,4.0
1271,31,4.0
1272,2441,4.0
1272,3209,4.0
1273,599,4.0
1273,2669,4.0
1274,27,4.0
1274,79,4.0
1275,334,4.0
1275,596,4.0
1276,14,4.0
1276,64,4.0
1277,173,4.0
1277,260,4.0
1278,94,4.0
1278,633,4.0
1279,130,4.0
1279,1508,4.0
1280,36,4.0
1280,1093,4.0
1281,76,4.0
1281,3427,4.0
1282,799,4.0
1282,851,4.0
1283,3444,4.0
1283,3519,4.0
1284,5,4.0
1284,411,4.0
1285,15,4.0
1285,3477,4.0
1286,1270,4.0
1286,2278,4.0
1287,1089,4.0
1287,2034,4.0
1288,525,4.0
1288,1097,4.0
1289,128,4.0
1289,2582,4.0
1290,1603,4.0
1290,2297,4.0
1291,14,4.0
1291,16,4.0
1292,71,4.0
1292,1144,4.0
1293,1313,4.0
1293,1955,4.0
1294,743,4.0
1294,1294,4.0
1295,4,4.0
1295,607,4.0
1296,12,4.0
1296,2320,4.0
1297,93,4.0
1297,3010,4.0
1298,62,4.0
1298,173,4.0
1299,88,4.0
1299,168,4.0
1300,1418,4.0
1300,2170,4.0
1301,44,4.0
1301,235,4.0
1302,273,4.0
1302,1995,4.0
1303,317,4.0
1303,1438,4.0
1304,684,4.0
1304,1079,4.0
1305,69,4.0
1305,205,4.0
1306,611,4.0
1306,725,4.0
1307,153,4.0
1307,2923,4.0
1308,409,4.0
1308,736,4.0
1309,862,4.0
1309,3439,4.0
1310,12,4.0
1310,959,4.0
1311,1012,4.0
1311,2457,4.0
1312,55,4.0
1312,91,4.0
1313,476,4.0
1313,2324,4.0
1314,508,4.0
1314,3177,4.0
1315,16,4.0
1315,101,4.0
1316,14,4.0
1316,377,4.0
1317,152,4.0
1317,578,4.0
1318,130,4.0
1318,693,4.0
1319,872,4.0
1319,1153,4.0
1320,296,4.0
1320,1906,4.0
1321,825,4.0
1321,1202,4.0
1322,7,4.0
1322,44,4.0
1323,37,4.0
1323,3498,4.0
1324,89,4.0
1324,221,4.0
1325,2136,4.0
1325,3678,4.0
1326,17,4.0
1326,135,4.0
1327,1717,4.0
1327,2546,4.0
1328,2255,4.0
1328,2436,4.0
1329,62,4.0
1329,1887,4.0
1330,1167,4.0
1330,3343,4.0
1331,388,4.0
1331,2380,4.0
1332,46,4.0
1332,830,4.0
1333,342,4.0
1333,1656,4.0
1334,4,4.0
1334,29,4.0
1335,73,4.0
1335,77,4.0
1336,433,4.0
1336,1528,4.0
1337,0,4.0
1337,1137,4.0
1338,6,4.0
1338,180,4.0
1339,108,4.0
1339,654,4.0
1340,438,4.0
1340,516,4.0
1341,3,4.0
1341,535,4.0
1342,486,4.0
1342,1563,4.0
1343,350,4.0
1343,380,4.0
1344,0,4.0
1344,3265,4.0
1345,1297,4.0
1345,1892,4.0
1346,4,4.0
1346,25,4.0
1347,870,4.0
1347,1060,4.0
1348,110,4.0
1348,894,4.0
1349,43,4.0
1349,2685,4.0
1350,1546,4.0
1350,2222,4.0
1351,63,4.0
1351,2369,4.0
1352,13,4.0
1352,16,4.0
1353,69,4.0
1353,1174,4.0
1354,134,4.0
1354,170,4.0
1355,221,4.0
1355,246,4.0
1356,29,4.0
1356,370,4.0
1357,6,4.0
1357,75,4.0
1358,274,4.0
1358,3014,4.0
1359,0,4.0
1359,36,4.0
1360,38,4.0
1360,1103,4.0
1361,2094,4.0
1361,2366,4.0
1362,796,4.0
1362,3688,4.0
1363,1121,4.0
1363,2944,4.0
1364,42,4.0
1364,226,4.0
1365,27,4.0
1365,1106,4.0
1366,25,4.0
1366,140,4.0
1367,31,4.0
1367,305,4.0
1368,3,4.0
1368,30,4.0
1369,34,4.0
1369,93,4.0
1370,2001,4.0
1370,2191,4.0
1371,85,4.0
1371,152,4.0
1372,83,4.0
1372,419,4.0
1373,55,4.0
1373,156,4.0
1374,97,4.0
1374,1533,4.0
1375,72,4.0
1375,204,4.0
1376,20,4.0
1376,2743,4.0
1377,26,4.0
1377,66,4.0
1378,82,4.0
1378,560,4.0
1379,1412,4.0
1379,1687,4.0
1380,1334,4.0
1380,3403,4.0
1381,2111,4.0
1381,2290,4.0
1382,40,4.0
1382,3720,4.0
1383,411,4.0
1383,3506,4.0
1384,786,4.0
1384,2096,4.0
1385,762,4.0
1385,931,4.0
1386,34,4.0
1386,129,4.0
1387,942,4.0
1387,2882,4.0
1388,113,4.0
1388,543,4.0
1389,348,4.0
1389,1394,4.0
1390,5,4.0
1390,124,4.0
1391,59,4.0
1391,81,4.0
1392,148,4.0
1392,902,4.0
1393,1782,4.0
1393,3233,4.0
1394,3042,4.0
1394,3529,4.0
1395,375,4.0
1395,3109,4.0
1396,2432,4.0
1396,3579,4.0
1397,118,4.0
1397,398,4.0
1398,517,4.0
1398,1359,4.0
1399,224,4.0
1399,559,4.0
1400,7,4.0
1400,453,4.0
1401,31,4.0
1401,3426,4.0
1402,15,4.0
1402,100,4.0
1403,835,4.0
1403,1348,4.0
1404,309,4.0
1404,1265,4.0
1405,690,4.0
1405,818,4.0
1406,7,4.0
1406,1082,4.0
1407,2146,4.0
1407,2954,4.0
1408,1613,4.0
1408,2004,4.0
1409,242,4.0
1409,2301,4.0
1410,46,4.0
1410,60,4.0
1411,46,4.0
1411,514,4.0
1412,50,4.0
1412,981,4.0
1413,80,4.0
1413,849,4.0
1414,519,4.0
1414,3103,4.0
1415,66,4.0
1415,788,4.0
1416,766,4.0
1416,2016,4.0
1417,99,4.0
1417,316,4.0
1418,199,4.0
1418,260,4.0
1419,838,4.0
1419,3459,4.0
1420,644,4.0
1420,2645,4.0
1421,1349,4.0
1421,3597,4.0
1422,100,4.0
1422,2122,4.0
1423,15,4.0
1423,1683,4.0
1424,426,4.0
1424,479,4.0
1425,0,4.0
1425,3608,4.0
1426,115,4.0
1426,221,4.0
1427,84,4.0
1427,279,4.0
1428,222,4.0
1428,533,4.0
1429,110,4.0
1429,254,4.0
1430,562,4.0
1430,784,4.0
1431,1,4.0
1431,10,4.0
1432,434,4.0
1432,3278,4.0
1433,278,4.0
1433,2778,4.0
1434,111,4.0
1434,127,4.0
1435,372,4.0
1435,653,4.0
1436,93,4.0
1436,1674,4.0
1437,5,4.0
1437,75,4.0
1438,1113,4.0
1438,2303,4.0
1439,463,4.0
1439,3655,4.0
1440,2,4.0
1440,3681,4.0
1441,452,4.0
1441,554,4.0
1442,631,4.0
1442,1685,4.0
1443,1553,4.0
1443,3613,4.0
1444,1047,4.0
1444,1242,4.0
1445,239,4.0
1445,2679,4.0
1446,53,4.0
1446,515,4.0
1447,630,4.0
1447,3389,4.0
1448,1,4.0
1448,91,4.0
1449,493,4.0
1449,3247,4.0
1450,63,4.0
1450,271,4.0
1451,95,4.0
1451,185,4.0
1452,1716,4.0
1452,3124,4.0
1453,1492,4.0
1453,2791,4.0
1454,264,4.0
1454,3469,4.0
1455,10,4.0
1455,83,4.0
1456,59,4.0
1456,803,4.0
1457,80,4.0
1457,2998,4.0
1458,256,4.0
1458,857,4.0
1459,48,4.0
1459,55,4.0
1460,33,4.0
1460,49,4.0
1461,27,4.0
1461,564,4.0
1462,630,4.0
1462,1746,4.0
1463,2223,4.0
1463,2257,4.0
1464,1680,4.0
1464,2312,4.0
1465,215,4.0
1465,252,4.0
1466,4,4.0
1466,920,4.0
1467,794,4.0
1467,1120,4.0
1468,677,4.0
1468,687,4.0
1469,95,4.0
1469,103,4.0
1470,317,4.0
1470,846,4.0
1471,0,4.0
1471,103,4.0
1472,1752,4.0
1472,2919,4.0
1473,30,4.0
1473,31,4.0
1474,807,4.0
1474,2040,4.0
1475,2889,4.0
1475,3433,4.0
1476,1017,4.0
1476,3007,4.0
1477,60,4.0
1477,65,4.0
1478,880,4.0
1478,1077,4.0
1479,489,4.0
1479,850,4.0
1480,1,4.0
1480,10,4.0
1481,2250,4.0
1481,3461,4.0
1482,86,4.0
1482,349,4.0
1483,41,4.0
1483,104,4.0
1484,288,4.0
1484,1104,4.0
1485,890,4.0
1485,1355,4.0
1486,1608,4.0
1486,2897,4.0
1487,10,4.0
1487,15,4.0
1488,62,4.0
1488,102,4.0
1489,734,4.0
1489,1749,4.0
1490,2,4.0
1490,11,4.0
1491,295,4.0
1491,532,4.0
1492,8,4.0
1492,413,4.0
1493,1833,4.0
1493,2504,4.0
1494,255,4.0
1494,2142,4.0
1495,68,4.0
1495,2563,4.0
1496,281,4.0
1496,627,4.0
1497,308,4.0
1497,931,4.0
1498,2,4.0
1498,55,4.0
1499,416,4.0
1499,3073,4.0
1500,35,4.0
1500,2261,4.0
1501,97,4.0
1501,152,4.0
1502,724,4.0
1502,1512,4.0
1503,436,4.0
1503,3048,4.0
1504,12,4.0
1504,1498,4.0
1505,352,4.0
1505,656,4.0
1506,2,4.0
1506,3721,4.0
1507,1375,4.0
1507,1639,4.0
1508,1191,4.0
1508,2249,4.0
1509,443,4.0
1509,3351,4.0
1510,72,4.0
1510,3274,4.0
1511,171,4.0
1511,609,4.0
1512,428,4.0
1512,1972,4.0
1513,148,4.0
1513,476,4.0
1514,81,4.0
1514,129,4.0
1515,241,4.0
1515,1158,4.0
1516,4,4.0
1516,333,4.0
1517,33,4.0
1517,822,4.0
1518,68,4.0
1518,1066,4.0
1519,1009,4.0
1519,1403,4.0
1520,2393,4.0
1520,2930,4.0
1521,954,4.0
1521,3682,4.0
1522,378,4.0
1522,519,4.0
1523,38,4.0
1523,114,4.0
1524,2508,4.0
1524,3156,4.0
1525,632,4.0
1525,986,4.0
1526,1648,4.0
1526,1703,4.0
1527,2,4.0
1527,25,4.0
1528,10,4.0
1528,2956,4.0
1529,2633,4.0
1529,3372,4.0
1530,8,4.0
1530,408,4.0
1531,2025,4.0
1531,2410,4.0
1532,10,4.0
1532,83,4.0
1533,1164,4.0
1533,3421,4.0
1534,63,4.0
1534,3685,4.0
1535,97,4.0
1535,1154,4.0
1536,87,4.0
1536,108,4.0
1537,5,4.0
1537,779,4.0
1538,12,4.0
1538,25,4.0
1539,13,4.0
1539,99,4.0
1540,0,4.0
1540,132,4.0
1541,44,4.0
1541,50,4.0
1542,920,4.0
1542,1126,4.0
1543,189,4.0
1543,1238,4.0
1544,42,4.0
1544,1951,4.0
1545,122,4.0
1545,1194,4.0
1546,191,4.0
1546,391,4.0
1547,3095,4.0
1547,3106,4.0
1548,98,4.0
1548,2373,4.0
1549,2492,4.0
1549,2665,4.0
1550,0,4.0
1550,82,4.0
1551,8,4.0
1551,320,4.0
1552,471,4.0
1552,668,4.0
1553,468,4.0
1553,616,4.0
1554,297,4.0
1554,412,4.0
1555,42,4.0
1555,1051,4.0
1556,178,4.0
1556,828,4.0
1557,7,4.0
1557,695,4.0
1558,740,4.0
1558,3465,4.0
1559,51,4.0
1559,971,4.0
1560,20,4.0
1560,48,4.0
1561,678,4.0
1561,2365,4.0
1562,428,4.0
1562,3391,4.0
1563,40,4.0
1563,3571,4.0
1564,30,4.0
1564,939,4.0
1565,10,4.0
1565,3462,4.0
1566,70,4.0
1566,310,4.0
1567,0,4.0
1567,53,4.0
1568,531,4.0
1568,1136,4.0
1569,22,4.0
1569,428,4.0
1570,545,4.0
1570,2342,4.0
1571,2413,4.0
1571,2821,4.0
1572,213,4.0
1572,479,4.0
1573,107,4.0
1573,306,4.0
1574,38,4.0
1574,66,4.0
1575,253,4.0
1575,2443,4.0
1576,22,4.0
1576,2453,4.0
1577,282,4.0
1577,3142,4.0
1578,4,4.0
1578,847,4.0
1579,379,4.0
1579,3031,4.0
1580,815,4.0
1580,938,4.0
1581,56,4.0
1581,333,4.0
1582,145,4.0
1582,485,4.0
1583,27,4.0
1583,89,4.0
1584,842,4.0
1584,1827,4.0
1585,2361,4.0
1585,2749,4.0
1586,5,4.0
1586,492,4.0
1587,210,4.0
1587,357,4.0
1588,50,4.0
1588,680,4.0
1589,55,4.0
1589,156,4.0
1590,99,4.0
1590,149,4.0
1591,23,4.0
1591,79,4.0
1592,1769,4.0
1592,3015,4.0
1593,193,4.0
1593,3537,4.0
1594,850,4.0
1594,2881,4.0
1595,48,4.0
1595,91,4.0
1596,83,4.0
1596,577,4.0
1597,45,4.0
1597,759,4.0
1598,54,4.0
1598,299,4.0
1599,28,4.0
1599,169,4.0
1600,1912,4.0
1600,2766,4.0
1601,1712,4.0
1601,2428,4.0
1602,390,4.0
1602,1437,4.0
1603,3,4.0
1603,2276,4.0
1604,919,4.0
1604,2284,4.0
1605,23,4.0
1605,28,4.0
1606,42,4.0
1606,3185,4.0
1607,24,4.0
1607,58,4.0
1608,0,4.0
1608,37,4.0
1609,7,4.0
1609,172,4.0
1610,2245,4.0
1610,2517,4.0
1611,1,4.0
1611,10,4.0
1612,77,4.0
1612,381,4.0
1613,886,4.0
1613,1207,4.0
1614,90,4.0
1614,1072,4.0
1615,25,4.0
1615,94,4.0
1616,4,4.0
1616,46,4.0
1617,87,4.0
1617,121,4.0
1618,2153,4.0
1618,3123,4.0
1619,225,4.0
1619,1008,4.0
1620,975,4.0
1620,2747,4.0
1621,139,4.0
1621,1117,4.0
1622,282,4.0
1622,331,4.0
1623,99,4.0
1623,3138,4.0
1624,73,4.0
1624,86,4.0
1625,306,4.0
1625,1526,4.0
1626,5,4.0
1626,155,4.0
1627,36,4.0
1627,73,4.0
1628,1004,4.0
1628,1901,4.0
1629,385,4.0
1629,3478,4.0
1630,23,4.0
1630,1262,4.0
1631,1676,4.0
1631,2770,4.0
1632,2569,4.0
1632,2636,4.0
1633,307,4.0
1633,1140,4.0
1634,15,4.0
1634,1128,4.0
1635,83,4.0
1635,91,4.0
1636,579,4.0
1636,675,4.0
1637,67,4.0
1637,214,4.0
1638,70,4.0
1638,828,4.0
1639,1,4.0
1639,151,4.0
1640,139,4.0
1640,403,4.0
1641,368,4.0
1641,967,4.0
1642,34,4.0
1642,40,4.0
1643,269,4.0
1643,837,4.0
1644,18,4.0
1644,117,4.0
1645,114,4.0
1645,389,4.0
1646,56,4.0
1646,63,4.0
1647,20,4.0
1647,227,4.0
1648,1,4.0
1648,13,4.0
1649,402,4.0
1649,448,4.0
1650,128,4.0
1650,3184,4.0
1651,404,4.0
1651,1937,4.0
1652,49,4.0
1652,3705,4.0
1653,1796,4.0
1653,3148,4.0
1654,2174,4.0
1654,2716,4.0
1655,1988,4.0
1655,2688,4.0
1656,400,4.0
1656,1005,4.0
1657,403,4.0
1657,503,4.0
1658,224,4.0
1658,594,4.0
1659,0,4.0
1659,3467,4.0
1660,421,4.0
1660,3582,4.0
1661,26,4.0
1661,204,4.0
1662,34,4.0
1662,1058,4.0
1663,937,4.0
1663,2812,4.0
1664,420,4.0
1664,1253,4.0
1665,9,4.0
1665,59,4.0
1666,1003,4.0
1666,1124,4.0
1667,465,4.0
1667,2229,4.0
1668,1107,4.0
1668,2601,4.0
1669,17,4.0
1669,93,4.0
1670,193,4.0
1670,256,4.0
1671,126,4.0
1671,132,4.0
1672,1775,4.0
1672,3468,4.0
1673,3027,4.0
1673,3333,4.0
1674,1605,4.0
1674,2927,4.0
1675,820,4.0
1675,858,4.0
1676,178,4.0
1676,339,4.0
1677,1068,4.0
1677,2977,4.0
1678,148,4.0
1678,2668,4.0
1679,764,4.0
1679,1017,4.0
1680,12,4.0
1680,71,4.0
1681,1,4.0
1681,1042,4.0
1682,23,4.0
1682,3380,4.0
1683,13,4.0
1683,385,4.0
1684,119,4.0
1684,907,4.0
1685,1365,4.0
1685,2811,4.0
1686,545,4.0
1686,911,4.0
1687,1230,4.0
1687,2710,4.0
1688,123,4.0
1688,3141,4.0
1689,4,4.0
1689,43,4.0
1690,2,4.0
1690,89,4.0
1691,2065,4.0
1691,3495,4.0
1692,924,4.0
1692,1041,4.0
1693,11,4.0
1693,320,4.0
1694,14,4.0
1694,152,4.0
1695,58,4.0
1695,991,4.0
1696,1581,4.0
1696,1852,4.0
1697,721,4.0
1697,763,4.0
1698,22,4.0
1698,88,4.0
1699,27,4.0
1699,709,4.0
1700,1013,4.0
1700,3041,4.0
1701,18,4.0
1701,1120,4.0
1702,135,4.0
1702,256,4.0
1703,59,4.0
1703,314,4.0
1704,5,4.0
1704,176,4.0
1705,201,4.0
1705,580,4.0
1706,673,4.0
1706,1665,4.0
1707,87,4.0
1707,2412,4.0
1708,1964,4.0
1708,3246,4.0
1709,574,4.0
1709,3221,4.0
1710,105,4.0
1710,2950,4.0
1711,918,4.0
1711,2755,4.0
1712,200,4.0
1712,2899,4.0
1713,16,4.0
1713,33,4.0
1714,12,4.0
1714,722,4.0
1715,906,4.0
1715,3438,4.0
1716,43,4.0
1716,2197,4.0
1717,211,4.0
1717,1458,4.0
1718,591,4.0
1718,3056,4.0
1719,135,4.0
1719,251,4.0
1720,167,4.0
1720,460,4.0
1721,39,4.0
1721,351,4.0
1722,50,4.0
1722,279,4.0
1723,643,4.0
1723,3485,4.0
1724,35,4.0
1724,643,4.0
1725,9,4.0
1725,27,4.0
1726,174,4.0
1726,401,4.0
1727,0,4.0
1727,20,4.0
1728,38,4.0
1728,432,4.0
1729,1830,4.0
1729,2458,4.0
1730,144,4.0
1730,278,4.0
1731,2852,4.0
1731,3337,4.0
1732,11,4.0
1732,91,4.0
1733,636,4.0
1733,1157,4.0
1734,1728,4.0
1734,2990,4.0
1735,417,4.0
1735,429,4.0
1736,283,4.0
1736,2938,4.0
1737,3,4.0
1737,507,4.0
1738,76,4.0
1738,247,4.0
1739,183,4.0
1739,1803,4.0
1740,136,4.0
1740,968,4.0
1741,112,4.0
1741,425,4.0
1742,1415,4.0
1742,2926,4.0
1743,1819,4.0
1743,3325,4.0
1744,62,4.0
1744,2794,4.0
1745,138,4.0
1745,263,4.0
1746,127,4.0
1746,2989,4.0
1747,595,4.0
1747,664,4.0
1748,192,4.0
1748,332,4.0
1749,141,4.0
1749,3147,4.0
1750,155,4.0
1750,1963,4.0
1751,28,4.0
1751,174,4.0
1752,216,4.0
1752,320,4.0
1753,338,4.0
1753,445,4.0
1754,362,4.0
1754,600,4.0
1755,1141,4.0
1755,2005,4.0
1756,999,4.0
1756,3135,4.0
1757,661,4.0
1757,2910,4.0
1758,650,4.0
1758,705,4.0
1759,8,4.0
1759,52,4.0
1760,819,4.0
1760,3541,4.0
1761,617,4.0
1761,1575,4.0
1762,1,4.0
1762,3079,4.0
1763,2,4.0
1763,39,4.0
1764,1726,4.0
1764,2154,4.0
1765,993,4.0
1765,1930,4.0
1766,45,4.0
1766,96,4.0
1767,379,4.0
1767,605,4.0
1768,344,4.0
1768,2951,4.0
1769,10,4.0
1769,48,4.0
1770,189,4.0
1770,2906,4.0
1771,26,4.0
1771,261,4.0
1772,91,4.0
1772,648,4.0
1773,994,4.0
1773,3214,4.0
1774,43,4.0
1774,1171,4.0
1775,1,4.0
1775,779,4.0
1776,456,4.0
1776,540,4.0
1777,790,4.0
1777,3154,4.0
1778,1635,4.0
1778,3157,4.0
1779,733,4.0
1779,1540,4.0
1780,3,4.0
1780,23,4.0
1781,35,4.0
1781,1001,4.0
1782,248,4.0
1782,1518,4.0
1783,84,4.0
1783,144,4.0
1784,12,4.0
1784,37,4.0
1785,796,4.0
1785,2779,4.0
1786,432,4.0
1786,3614,4.0
1787,2,4.0
1787,51,4.0
1788,455,4.0
1788,2535,4.0
1789,95,4.0
1789,446,4.0
1790,419,4.0
1790,503,4.0
1791,5,4.0
1791,121,4.0
1792,0,4.0
1792,635,4.0
1793,756,4.0
1793,1068,4.0
1794,1763,4.0
1794,3332,4.0
1795,18,4.0
1795,2036,4.0
1796,2,4.0
1796,398,4.0
1797,2649,4.0
1797,3217,4.0
1798,59,4.0
1798,455,4.0
1799,276,4.0
1799,280,4.0
1800,46,4.0
1800,507,4.0
1801,244,4.0
1801,2377,4.0
1802,38,4.0
1802,93,4.0
1803,129,4.0
1803,841,4.0
1804,750,4.0
1804,2434,4.0
1805,104,4.0
1805,264,4.0
1806,18,4.0
1806,58,4.0
1807,472,4.0
1807,852,4.0
1808,602,4.0
1808,1391,4.0
1809,12,4.0
1809,52,4.0
1810,75,4.0
1810,3314,4.0
1811,1794,4.0
1811,1997,4.0
1812,2206,4.0
1812,2797,4.0
1813,86,4.0
1813,1489,4.0
1814,830,4.0
1814,3556,4.0
1815,587,4.0
1815,621,4.0
1816,67,4.0
1816,219,4.0
1817,33,4.0
1817,590,4.0
1818,162,4.0
1818,1078,4.0
1819,475,4.0
1819,2736,4.0
1820,108,4.0
1820,610,4.0
1821,32,4.0
1821,928,4.0
1822,329,4.0
1822,3252,4.0
1823,16,4.0
1823,74,4.0
1824,6,4.0
1824,157,4.0
1825,1344,4.0
1825,1692,4.0
1826,1958,4.0
1826,3192,4.0
1827,22,4.0
1827,136,4.0
1828,973,4.0
1828,2404,4.0
1829,1590,4.0
1829,2202,4.0
1830,0,4.0
1830,28,4.0
1831,460,4.0
1831,1462,4.0
1832,22,4.0
1832,343,4.0
1833,106,4.0
1833,442,4.0
1834,237,4.0
1834,3718,4.0
1835,402,4.0
1835,563,4.0
1836,412,4.0
1836,1223,4.0
1837,47,4.0
1837,2780,4.0
1838,370,4.0
1838,935,4.0
1839,2292,4.0
1839,3153,4.0
1840,2642,4.0
1840,3508,4.0
1841,1779,4.0
1841,3724,4.0
1842,3,4.0
1842,496,4.0
1843,79,4.0
1843,748,4.0
1844,1377,4.0
1844,1429,4.0
1845,169,4.0
1845,241,4.0
1846,0,4.0
1846,323,4.0
1847,44,4.0
1847,225,4.0
1848,334,4.0
1848,641,4.0
1849,154,4.0
1849,1134,4.0
1850,317,4.0
1850,967,4.0
1851,1050,4.0
1851,2765,4.0
1852,113,4.0
1852,281,4.0
1853,569,4.0
1853,3084,4.0
1854,131,4.0
1854,242,4.0
1855,1209,4.0
1855,3683,4.0
1856,51,4.0
1856,3609,4.0
1857,813,4.0
1857,923,4.0
1858,405,4.0
1858,706,4.0
1859,191,4.0
1859,371,4.0
1860,163,4.0
1860,255,4.0
1861,2589,4.0
1861,3149,4.0
1862,18,4.0
1862,134,4.0
1863,14,4.0
1863,660,4.0
1864,31,4.0
1864,1339,4.0
1865,557,4.0
1865,636,4.0
1866,1604,4.0
1866,1645,4.0
1867,444,4.0
1867,981,4.0
1868,2495,4.0
1868,2742,4.0
1869,16,4.0
1869,249,4.0
1870,252,4.0
1870,487,4.0
1871,115,4.0
1871,869,4.0
1872,1224,4.0
1872,2501,4.0
1873,88,4.0
1873,2655,4.0
1874,82,4.0
1874,1213,4.0
1875,574,4.0
1875,887,4.0
1876,219,4.0
1876,889,4.0
1877,2108,4.0
1877,2429,4.0
1878,891,4.0
1878,3122,4.0
1879,30,4.0
1879,431,4.0
1880,1192,4.0
1880,1875,4.0
1881,371,4.0
1881,500,4.0
1882,39,4.0
1882,2190,4.0
1883,239,4.0
1883,375,4.0
1884,2552,4.0
1884,2617,4.0
1885,3538,4.0
1885,3573,4.0
1886,72,4.0
1886,539,4.0
1887,1621,4.0
1887,1928,4.0
1888,150,4.0
1888,275,4.0
1889,229,4.0
1889,369,4.0
1890,120,4.0
1890,263,4.0
1891,33,4.0
1891,2397,4.0
1892,1029,4.0
1892,2024,4.0
1893,2628,4.0
1893,2995,4.0
1894,1996,4.0
1894,2499,4.0
1895,202,4.0
1895,1643,4.0
1896,1440,4.0
1896,2049,4.0
1897,70,4.0
1897,1670,4.0
1898,1,4.0
1898,167,4.0
1899,22,4.0
1899,1012,4.0
1900,1900,4.0
1900,3093,4.0
1901,1039,4.0
1901,3637,4.0
1902,182,4.0
1902,366,4.0
1903,367,4.0
1903,742,4.0
1904,8,4.0
1904,50,4.0
1905,292,4.0
1905,2333,4.0
1906,468,4.0
1906,1225,4.0
1907,36,4.0
1907,52,4.0
1908,20,4.0
1908,357,4.0
1909,1183,4.0
1909,3296,4.0
1910,24,4.0
1910,74,4.0
1911,19,4.0
1911,49,4.0
1912,261,4.0
1912,2487,4.0
1913,60,4.5
1913,1811,4.0
1914,65,4.0
1914,196,4.0
1915,725,4.0
1915,948,4.0
1916,2319,4.0
1916,2769,4.0
1917,834,4.0
1917,3064,4.0
1918,79,4.0
1918,1486,4.0
1919,258,4.0
1919,2536,4.0
1920,17,4.0
1920,34,4.0
1921,104,4.0
1921,1011,4.0
1922,1826,4.0
1922,2921,4.0
1923,26,4.0
1923,219,4.0
1924,39,4.0
1924,1504,4.0
1925,1162,4.0
1925,1389,4.0
1926,55,4.0
1926,83,4.0
1927,69,4.0
1927,2321,4.0
1928,1153,4.0
1928,1465,4.0
1929,228,4.0
1929,233,4.0
1930,321,4.0
1930,2646,4.0
1931,125,4.0
1931,2694,4.0
1932,16,4.0
1932,17,4.0
1933,238,4.0
1933,646,4.0
1934,906,4.0
1934,2949,4.0
1935,638,4.0
1935,2584,4.0
1936,6,4.0
1936,2212,4.0
1937,134,4.0
1937,449,4.0
1938,593,4.0
1938,637,4.0
1939,331,4.0
1939,344,4.0
1940,1808,4.0
1940,2912,4.0
1941,64,4.0
1941,3051,4.0
1942,42,4.0
1942,209,4.0
1943,73,4.0
1943,151,4.0
1944,17,4.651799791218741
1944,153,4.0
1945,85,4.0
1945,211,4.0
1946,110,4.0
1946,111,4.0
1947,730,4.0
1947,1646,4.0
1948,175,4.0
1948,635,4.0
1949,970,4.0
1949,3505,4.0
1950,16,4.0
1950,676,4.0
1951,206,4.0
1951,2586,4.0
1952,6,4.0
1952,1556,4.0
1953,149,4.0
1953,634,4.0
1954,995,4.0
1954,2627,4.0
1955,106,4.0
1955,1619,4.0
1956,358,4.0
1956,475,4.0
1957,1592,4.0
1957,2661,4.0
1958,19,4.0
1958,24,4.0
1959,98,4.0
1959,1122,4.0
1960,2666,4.0
1960,2841,4.0
1961,911,4.0
1961,1598,4.0
1962,233,4.0
1962,3039,4.0
1963,4,4.0
1963,46,4.0
1964,626,4.0
1964,1706,4.0
1965,182,4.0
1965,623,4.0
1966,64,4.0
1966,2596,4.0
1967,189,4.0
1967,2854,4.0
1968,1,4.0
1968,156,4.0
1969,10,4.0
1969,14,4.0
1970,397,4.0
1970,624,4.0
1971,520,4.0
1971,985,4.0
1972,598,4.0
1972,678,4.0
1973,17,4.0
1973,711,4.0
1974,283,4.0
1974,285,4.0
1975,277,4.0
1975,1792,4.0
1976,417,4.0
1976,3057,4.0
1977,50,4.0
1977,487,4.0
1978,8,4.0
1978,204,4.0
1979,98,4.0
1979,135,4.0
1980,14,4.0
1980,140,4.0
1981,373,4.0
1981,2462,4.0
1982,792,4.0
1982,1112,4.0
1983,1053,4.0
1983,3642,4.0
1984,833,4.0
1984,1329,4.0
1985,387,4.0
1985,2928,4.0
1986,81,4.0
1986,165,4.0
1987,0,4.0
1987,181,4.0
1988,15,4.0
1988,155,4.0
1989,610,4.0
1989,3338,4.0
1990,101,4.0
1990,109,4.0
1991,8,4.0
1991,197,4.0
1992,149,4.0
1992,1016,4.0
1993,20,4.0
1993,351,4.0
1994,6,4.0
1994,3183,4.0
1995,55,4.0
1995,632,4.0
1996,207,4.0
1996,450,4.0
1997,74,4.0
1997,227,4.0
1998,612,4.0
1998,1934,4.0
1999,106,4.0
1999,445,4.0
2000,879,4.0
2000,2060,4.0
2001,417,4.0
2001,687,4.0
2002,4,4.0
2002,26,4.0
2003,59,4.0
2003,62,4.0
2004,16,4.0
2004,665,4.0
2005,9,4.0
2005,196,4.0
2006,32,4.0
2006,121,4.0
2007,965,4.0
2007,2836,4.0
2008,263,4.0
2008,3453,4.0
2009,555,4.0
2009,1264,4.0
2010,118,4.0
2010,771,4.0
2011,0,4.0
2012,175,4.0
2013,659,4.0
2014,54,4.0
2015,261,4.0
2016,31,4.0
2017,2525,4.0
2018,23,4.0
2019,8,4.0
2020,2372,4.0
2021,543,4.0
2022,669,4.0
2023,76,4.0
2024,672,4.0
2025,117,4.0
2026,206,4.0
2027,751,4.0
2028,3,4.0
2029,1040,4.0
2030,1861,4.0
2031,42,4.0
2032,8,4.0
2033,322,4.0
2034,1268,4.0
2035,2817,4.0
2036,11,4.0
2037,776,4.0
2038,1130,4.0
2039,19,4.0
2040,1332,4.0
2041,126,4.0
2042,1002,4.0
2043,2877,4.0
2044,2547,4.0
2045,2903,4.0
2046,87,4.0
2047,65,4.0
2048,82,4.0
2049,1516,4.0
2050,35,4.0
2051,972,4.0
2052,419,4.0
2053,65,4.0
2054,173,4.0
2055,22,4.0
2056,17,4.0
2057,754,4.0
2058,551,4.0
2059,191,4.0
2060,370,4.0
2061,5,4.0
2062,1212,4.0
2063,1151,4.0
2064,3307,4.0
2065,1018,4.0
2066,30,4.0
2067,3,4.0
2068,1271,4.0
2069,49,4.0
2070,3097,4.0
2071,1870,4.0
2072,719,4.0
2073,788,4.0
2074,1092,4.0
2075,1599,4.0
2076,280,4.0
2077,2033,4.0
2078,9,4.0
2079,587,4.0
2080,45,4.0
2081,1630,4.0
2082,77,4.0
2083,35,4.0
2084,10,4.0
2085,12,4.0
2086,815,4.0
2087,10,4.0
2088,194,4.0
2089,2251,4.0
2090,30,4.0
2091,171,4.0
2092,630,4.0
2093,126,4.0
2094,955,4.0
2095,184,4.0
2096,1744,4.0
2097,2630,4.0
2098,1644,4.0
2099,1620,4.0
2100,19,4.0
2101,204,4.0
2102,1823,4.0
2103,3378,4.0
2104,93,4.0
2105,287,4.0
2106,107,4.0
2107,365,4.0
2108,76,4.0
2109,1177,4.0
2110,1204,4.0
2111,3190,4.0
2112,265,4.0
2113,2603,4.0
2114,161,4.0
2115,533,4.0
2116,7,4.0
2117,32,4.0
2118,44,4.0
2119,114,4.0
2120,3151,4.0
2121,844,4.0
2122,148,4.0
2123,0,4.0
2124,1210,4.0
2125,35,4.0
2126,343,4.0
2127,88,4.0
2128,60,4.0
2129,374,4.0
2130,1257,4.0
2131,243,4.0
2132,10,4.0
2133,28,4.0
2134,2916,4.0
2135,194,4.0
2136,1113,4.0
2137,722,4.0
2138,1971,4.0
2139,15,4.0
2140,382,4.0
2141,3359,4.0
2142,359,4.0
2143,76,4.0
2144,176,4.0
2145,10,4.0
2146,8,4.0
2147,28,4.0
2148,194,4.0
2149,231,4.0
2150,336,4.0
2151,3020,4.0
2152,507,4.0
2153,68,4.0
2154,53,4.0
2155,742,4.0
2156,340,4.0
2157,165,4.0
2158,1570,4.0
2159,122,4.0
2160,1725,4.0
2161,1633,4.0
2162,469,4.0
2163,46,4.0
2164,954,4.0
2165,45,4.0
2166,2833,4.0
2167,1042,4.0
2168,78,4.0
2169,5,4.0
2170,299,4.0
2171,3196,4.0
2172,1737,4.0
2173,1455,4.0
2174,61,4.0
2175,24,4.0
2176,2209,4.0
2177,1078,4.0
2178,213,4.0
2179,1233,4.0
2180,3293,4.0
2181,0,4.0
2182,23,4.0
2183,1387,4.0
2184,631,4.0
2185,1172,4.0
2186,3021,4.0
2187,318,4.0
2188,228,4.0
2189,575,4.0
2190,2698,4.0
2191,161,4.0
2192,3295,4.0
2193,1088,4.0
2194,345,4.0
2195,3001,4.0
2196,39,4.0
2197,860,4.0
2198,0,4.0
2199,91,4.0
2200,2,4.0
2201,2327,4.0
2202,153,4.0
2203,1742,4.0
2204,135,4.0
2205,1840,4.0
2206,1049,4.0
2207,1541,4.0
2208,3452,4.0
2209,559,4.0
2210,138,4.0
2211,3,4.0
2212,417,4.0
2213,1000,4.0
2214,1269,4.0
2215,92,4.0
2216,19,4.0
2217,84,4.0
2218,1152,4.0
2219,68,4.0
2220,1894,4.0
2221,727,4.0
2222,17,4.0
2223,37,4.0
2224,662,4.0
2225,64,4.0
2226,100,4.0
2227,617,4.0
2228,127,4.0
2229,16,4.0
2230,291,4.0
2231,28,4.0
2232,763,4.0
2233,3242,4.0
2234,70,4.0
2235,1451,4.0
2236,63,4.0
2237,199,4.0
2238,327,4.0
2239,321,4.0
2240,946,4.0
2241,2691,4.0
2242,2407,4.0
2243,410,4.0
2244,103,4.0
2245,755,4.0
2246,23,4.0
2247,427,4.0
2248,652,4.0
2249,123,4.0
2250,380,4.0
2251,1612,4.0
2252,285,4.0
2253,314,4.0
2254,1464,4.0
2255,243,4.0
2256,2834,4.0
2257,50,4.0
2258,328,4.0
2259,21,4.0
2260,74,4.0
2261,212,4.0
2262,36,4.0
2263,970,4.0
2264,244,4.0
2265,81,4.0
2266,3197,4.0
2267,1973,4.0
2268,493,4.0
2269,1596,4.0
2270,1806,4.0
2271,200,4.0
2272,27,4.0
2273,1618,4.0
2274,885,4.0
2275,3574,4.0
2276,10,4.0
2277,2761,4.0
2278,695,4.0
2279,13,4.0
2280,1,4.0
2281,1459,4.0
2282,330,4.0
2283,1700,4.0
2284,1402,4.0
2285,511,4.0
2286,376,4.0
2287,908,4.0
2288,2263,4.0
2289,161,4.0
2290,15,4.0
2291,168,4.0
2292,524,4.0
2293,31,4.0
2294,63,4.0
2295,76,4.0
2296,2376,4.0
2297,62,4.0
2298,77,4.0
2299,311,4.0
2300,2082,4.0
2301,21,4.0
2302,24,4.0
2303,617,4.0
2304,125,4.0
2305,398,4.0
2306,508,4.0
2307,1029,4.0
2308,2689,4.0
2309,2756,4.0
2310,1136,4.0
2311,414,4.0
2312,214,4.0
2313,424,4.0
2314,0,4.0
2315,73,4.0
2316,2653,4.0
2317,2612,4.0
2318,65,4.0
2319,42,4.0
2320,6,4.0
2321,570,4.0
2322,120,4.0
2323,699,4.0
2324,3094,4.0
2325,1584,4.0
2326,2918,4.0
2327,71,4.0
2328,268,4.0
2329,12,4.0
2330,1168,4.0
2331,2015,4.0
2332,783,4.0
2333,1990,4.0
2334,1208,4.0
2335,3300,4.0
2336,438,4.0
2337,127,4.0
2338,878,4.0
2339,7,4.0
2340,2188,4.0
2341,74,4.0
2342,454,4.0
2343,1691,4.0
2344,347,4.0
2345,663,4.0
2346,639,4.0
2347,565,4.0
2348,444,4.0
2349,1325,4.0
2350,2444,4.0
2351,3046,4.0
2352,893,4.0
2353,2131,4.0
2354,2011,4.0
2355,431,4.0
2356,999,4.0
2357,88,4.0
2358,926,4.0
2359,220,4.0
2360,68,4.0
2361,282,4.0
2362,908,4.0
2363,21,4.0
2364,13,4.0
2365,258,4.0
2366,1762,4.0
2367,569,4.0
2368,1165,4.0
2369,1322,4.0
2370,271,4.0
2371,146,4.0
2372,18,4.0
2373,1351,4.0
2374,1261,4.0
2375,848,4.0
2376,3152,4.0
2377,1948,4.0
2378,6,4.0
2379,21,4.0
2380,0,4.0
2381,2295,4.0
2382,165,4.0
2383,23,4.0
2384,82,4.0
2385,28,4.0
2386,29,4.0
2387,157,4.0
2388,1099,4.0
2389,1074,4.0
2390,355,4.0
2391,3548,4.0
2392,539,4.0
2393,184,4.0
2394,1346,4.0
2395,358,4.0
2396,2268,4.0
2397,21,4.0
2398,421,4.0
2399,227,4.0
2400,51,4.0
2401,2855,4.0
2402,303,4.0
2403,355,4.0
2404,207,4.0
2405,40,4.0
2406,18,4.0
2407,173,4.0
2408,22,4.0
2409,559,4.0
2410,2093,4.0
2411,529,4.0
2412,29,4.0
2413,956,4.0
2414,774,4.0
2415,105,4.0
2416,60,4.0
2417,505,4.0
2418,340,4.0
2419,1457,4.0
2420,2239,4.0
2421,770,4.0
2422,69,4.0
2423,277,4.0
2424,237,4.0
2425,340,4.0
2426,258,4.0
2427,364,4.0
2428,2139,4.0
2429,124,4.0
2430,2,4.0
2431,13,4.0
2432,0,4.0
2433,237,4.0
2434,7,4.0
2435,1126,4.0
2436,3178,4.0
2437,3536,4.0
2438,44,4.0
2439,688,4.0
2440,107,4.0
2441,106,4.0
2442,534,4.0
2443,198,4.0
2444,2619,4.0
2445,772,4.0
2446,1037,4.0
2447,100,4.0
2448,571,4.0
2449,3139,4.0
2450,10,4.0
2451,14,4.0
2452,2400,4.0
2453,40,4.0
2454,1059,4.0
2455,1176,4.0
2456,358,4.0
2457,1306,4.0
2458,748,4.0
2459,3489,4.0
2460,165,4.0
2461,64,4.0
2462,3590,4.0
2463,628,4.0
2464,2901,4.0
2465,362,4.0
2466,6,4.0
2467,276,4.0
2468,2009,4.0
2469,48,4.0
2470,3313,4.0
2471,1046,4.0
2472,2119,4.0
2473,106,4.0
2474,11,4.0
2475,90,4.0
2476,3510,4.0
2477,103,4.0
2478,1722,4.0
2479,464,4.0
2480,1414,4.0
2481,20,4.0
2482,913,4.0
2483,235,4.0
2484,978,4.0
2485,185,4.0
2486,75,4.0
2487,25,4.0
2488,39,4.0
2489,550,4.0
2490,2219,4.0
2491,15,4.0
2492,218,4.0
2493,183,4.0
2494,12,4.0
2495,2558,4.0
2496,3549,4.0
2497,1959,4.0
2498,191,4.0
2499,454,4.0
2500,118,4.0
2501,424,4.0
2502,914,4.0
2503,3376,4.0
2504,1632,4.0
2505,1761,4.0
2506,395,4.0
2507,33,4.0
2508,2900,4.0
2509,1173,4.0
2510,217,4.0
2511,28,4.0
2512,2970,4.0
2513,10,4.0
2514,349,4.0
2515,229,4.0
2516,6,4.0
2517,302,4.0
2518,3365,4.0
2519,921,4.0
2520,399,4.0
2521,806,4.0
2522,3390,4.0
2523,304,4.0
2524,20,4.0
2525,2073,4.0
2526,164,4.0
2527,26,4.0
2528,512,4.0
2529,2069,4.0
2530,312,4.0
2531,818,4.0
2532,1084,4.0
2533,140,4.0
2534,38,4.0
2535,154,4.0
2536,206,4.0
2537,185,4.0
2538,3581,4.0
2539,2831,4.0
2540,55,4.0
2541,25,4.0
2542,290,4.0
2543,411,4.0
2544,154,4.0
2545,1467,4.0
2546,1882,4.0
2547,527,4.0
2548,458,4.0
2549,845,4.0
2550,19,4.0
2551,1145,4.0
2552,4,4.0
2553,83,4.0
2554,1036,4.0
2555,161,4.0
2556,469,4.0
2557,180,4.0
2558,3199,4.0
2559,380,4.0
2560,1579,4.0
2561,2463,4.0
2562,451,4.0
2563,22,4.0
2564,92,4.0
2565,1820,4.0
2566,11,4.0
2567,2618,4.0
2568,196,4.0
2569,142,4.0
2570,75,4.0
2571,1730,4.0
2572,3131,4.0
2573,278,4.0
2574,558,4.0
2575,1114,4.0
2576,28,4.0
2577,1910,4.0
2578,3578,4.0
2579,48,4.0
2580,753,4.0
2581,2,4.0
2582,1312,4.0
2583,620,4.0
2584,261,4.0
2585,782,4.0
2586,16,4.0
2587,386,4.0
2588,4,4.0
2589,845,4.0
2590,1323,4.0
2591,170,4.0
2592,474,4.0
2593,137,4.0
2594,41,4.0
2595,26,4.0
2596,1148,4.0
2597,288,4.0
2598,49,4.0
2599,1311,4.0
2600,3259,4.0
2601,1,4.0
2602,111,4.0
2603,61,4.0
2604,482,4.0
2605,102,4.0
2606,7,4.0
2607,3,4.0
2608,304,4.0
2609,3396,4.0
2610,222,4.0
2611,888,4.0
2612,39,4.0
2613,119,4.0
2614,68,4.0
2615,809,4.0
2616,1084,4.0
2617,270,4.0
2618,85,4.0
2619,2305,4.0
2620,402,4.0
2621,104,4.0
2622,1611,4.0
2623,1101,4.0
2624,2808,4.0
2625,316,4.0
2626,516,4.0
2627,2391,4.0
2628,137,4.0
2629,1124,4.0
2630,625,4.0
2631,3600,4.0
2632,15,4.0
2633,20,4.0
2634,150,4.0
2635,1052,4.0
2636,1040,4.0
2637,1116,4.0
2638,2349,4.0
2639,159,4.0
2640,250,4.0
2641,257,4.0
2642,516,4.0
2643,76,4.0
2644,912,4.0
2645,51,4.0
2646,1185,4.0
2647,776,4.0
2648,2,4.0
2649,1993,4.0
2650,699,4.0
2651,658,4.0
2652,2540,4.0
2653,273,4.0
2654,275,4.0
2655,743,4.0
2656,551,4.0
2657,142,4.0
2658,312,4.0
2659,2784,4.0
2660,135,4.0
2661,15,4.0
2662,1627,4.0
2663,3298,4.0
2664,980,4.0
2665,395,4.0
2666,645,4.0
2667,293,4.0
2668,3347,4.0
2669,3,4.0
2670,1472,4.0
2671,634,4.0
2672,556,4.0
2673,148,4.0
2674,3345,4.0
2675,353,4.0
2676,360,4.0
2677,2185,4.0
2678,512,4.0
2679,2076,4.0
2680,44,4.0
2681,733,4.0
2682,1978,4.0
2683,103,4.0
2684,39,4.0
2685,155,4.0
2686,727,4.0
2687,292,4.0
2688,473,4.0
2689,1938,4.0
2690,778,4.0
2691,3635,4.0
2692,147,4.0
2693,3543,4.0
2694,2390,4.0
2695,1778,4.0
2696,106,4.0
2697,2,4.0
2698,473,4.0
2699,2270,4.0
2700,1370,4.0
2701,1463,4.0
2702,218,4.0
2703,1039,4.0
2704,66,4.0
2705,231,4.0
2706,1809,4.0
2707,2054,4.0
2708,7,4.0
2709,57,4.0
2710,3181,4.0
2711,490,4.0
2712,1740,4.0
2713,1529,4.0
2714,1175,4.0
2715,157,4.0
2716,2802,4.0
2717,298,4.0
2718,2494,4.0
2719,681,4.0
2720,3618,4.0
2721,991,4.0
2722,280,4.0
2723,13,4.0
2724,1702,4.0
2725,873,4.0
2726,472,4.0
2727,139,4.0
2728,4,4.0
2729,22,4.0
2730,377,4.0
2731,2626,4.0
2732,466,4.0
2733,19,4.0
2734,113,4.0
2735,898,4.0
2736,1628,4.0
2737,3083,4.0
2738,686,4.0
2739,1736,4.0
2740,470,4.0
2741,1923,4.0
2742,14,4.0
2743,547,4.0
2744,575,4.0
2745,2614,4.0
2746,1273,4.0
2747,1090,4.0
2748,43,4.0
2749,588,4.0
2750,708,4.0
2751,2748,4.0
2752,1310,4.0
2753,3231,4.0
2754,2053,4.0
2755,1155,4.0
2756,764,4.0
2757,1014,4.0
2758,29,4.0
2759,562,4.0
2760,25,4.0
2761,29,4.0
2762,2982,4.0
2763,314,4.0
2764,1536,4.0
2765,129,4.0
2766,778,4.0
2767,621,4.0
2768,2608,4.0
2769,131,4.0
2770,81,4.0
2771,81,4.0
2772,246,4.0
2773,25,4.0
2774,450,4.0
2775,2042,4.0
2776,234,4.0
2777,1145,4.0
2778,13,4.0
2779,3,4.0
2780,707,4.0
2781,4,4.0
2782,1283,4.0
2783,265,4.0
2784,326,4.0
2785,493,4.0
2786,124,4.0
2787,15,4.0
2788,3283,4.0
2789,16,4.0
2790,196,4.0
2791,3384,4.0
2792,704,4.0
2793,3599,4.0
2794,45,4.0
2795,2422,4.0
2796,3040,4.0
2797,104,4.0
2798,405,4.0
2799,2847,4.0
2800,548,4.0
2801,997,4.0
2802,972,4.0
2803,3235,4.0
2804,11,4.0
2805,109,4.0
2806,581,4.0
2807,538,4.0
2808,452,4.0
2809,930,4.0
2810,393,4.0
2811,1318,4.0
2812,265,4.0
2813,655,4.0
2814,422,4.0
2815,3474,4.0
2816,51,4.0
2817,462,4.0
2818,505,4.0
2819,2532,4.0
2820,641,4.0
2821,117,4.0
2822,3034,4.0
2823,566,4.0
2824,3250,4.0
2825,42,4.0
2826,11,4.0
2827,56,4.0
2828,3522,4.0
2829,1538,4.0
2830,9,5.0
2831,233,4.0
2832,21,4.0
2833,3171,4.0
2834,3357,4.0
2835,98,4.0
2836,1432,4.0
2837,2331,4.0
2838,256,4.0
2839,3,4.0
2840,56,4.0
2841,35,4.0
2842,551,4.0
2843,0,4.0
2844,3662,4.0
2845,3019,4.0
2846,3555,4.0
2847,245,4.0
2848,808,4.0
2849,7,4.0
2850,1044,4.0
2851,614,4.0
2852,2236,4.0
2853,3311,4.0
2854,806,4.0
2855,1133,4.0
2856,2235,4.0
2857,479,4.0
2858,2304,4.0
2859,433,4.0
2860,477,4.0
2861,302,4.0
2862,2044,4.0
2863,869,4.0
2864,888,4.0
2865,371,4.0
2866,245,4.0
2867,2334,4.0
2868,374,4.0
2869,245,4.0
2870,1,4.0
2871,160,4.0
2872,36,4.0
2873,1395,4.0
2874,576,4.0
2875,134,4.0
2876,572,4.0
2877,367,4.0
2878,4,4.0
2879,3700,4.0
2880,101,4.0
2881,109,4.0
2882,1688,4.0
2883,114,4.0
2884,1178,4.0
2885,1574,4.0
2886,1385,4.0
2887,3000,4.0
2888,54,4.0
2889,23,4.0
2890,117,4.0
2891,3030,4.0
2892,1640,4.0
2893,75,4.0
2894,1032,4.0
2895,2,4.0
2896,3567,4.0
2897,212,4.0
2898,1025,4.0
2899,133,4.0
2900,2147,4.0
2901,637,4.0
2902,1304,4.0
2903,2789,4.0
2904,96,4.0
2905,58,4.0
2906,1133,4.0
2907,1054,4.0
2908,2687,4.0
2909,306,4.0
2910,1005,4.0
2911,523,4.0
2912,1063,4.0
2913,567,4.0
2914,966,4.0
2915,622,4.0
2916,717,4.0
2917,6,4.0
2918,215,4.0
2919,470,4.0
2920,928,4.0
2921,75,4.0
2922,83,4.0
2923,28,4.0
2924,179,4.0
2925,3514,4.0
2926,224,4.0
2927,243,4.0
2928,823,4.0
2929,3654,4.0
2930,45,4.0
2931,2652,4.0
2932,2530,4.0
2933,218,4.0
2934,3223,4.0
